18.4281
16.8349
15.7111
14.6728
13.4977
12.696
12.1699
11.5976
10.8866
10.0611
9.64133
9.359
8.7767
8.33052
8.161
8.02186
7.88176
7.68259
7.56661
7.48463
7.42556
7.33616
7.18222
7.05192
7.03544
7.02087
6.9932
6.98639
6.92688
6.83454
6.80624
6.68519
6.44586
6.39208
6.38269
6.38234
6.36874
6.292
6.22398
6.22398
6.2235
6.19527
6.15029
6.14645
6.11798
6.07225
6.07225
6.07225
6.07225
6.07225
6.07225
6.07225
6.07225
6.07206
6.06008
6.04359
6.01635
6.0045
5.95421
5.86724
5.86724
5.86724
5.86662
5.82719
5.77749
5.77749
5.77749
5.77749
5.77749
5.7773
5.79375
5.71912
5.68476
5.68476
5.68476
5.68476
5.68476
5.68476
5.68476
5.68476
5.68476
5.68476
5.68476
5.68476
5.68476
5.68476
5.68476
5.68476
5.68476
5.68476
5.68476
5.68476
5.68476
5.68476
5.68476
5.68476
5.68476
5.68476
5.68476
5.68476
5.68476
5.68476
5.68476
5.68476
5.68476
5.68476
5.82697
5.90483
5.91346
5.70357
5.68476
5.68476
5.68476
5.68476
5.68238
5.63287
5.44833
5.32796
5.32796
5.32796
5.32796
5.32796
5.32796
5.32796
5.32796
5.32796
5.32796
5.32796
5.32796
5.32796
5.32796
5.32796
5.32796
5.32796
5.32796
5.32796
5.32796
5.32796
5.32796
5.32796
5.32796
5.32796
5.32796
5.32796
5.32796
5.32796
5.32796
5.32796
5.32796
5.32796
5.32796
5.32796
5.32796
5.32796
5.32796
5.32796
5.32796
5.32796
5.32796
5.32796
5.32796
5.32796
5.32796
5.32796
5.32796
5.32796
5.32796
5.32782
5.31897
5.30722
5.30722
5.30707
5.31284
5.28554
5.28513
5.28513
5.28513
5.28513
5.28513
5.28513
5.28513
5.28513
5.28513
5.28513
5.28513
5.28513
5.28513
5.28513
5.28513
5.28513
5.28513
5.28513
5.28513
5.28513
5.28513
5.28513
5.28513
5.28513
5.28513
5.28513
5.28513
5.28513
5.28513
5.28513
5.28513
5.28513
5.28513
5.28513
5.28513
5.28513
5.28513
5.28513
5.28513
5.28513
5.28513
5.28513
5.28513
5.28513
5.28513
5.28513
5.28513
5.28513
5.28513
5.28513
5.28513
5.28513
5.28513
5.28513
5.28513
5.28513
5.28513
5.28513
5.28513
5.28513
5.28513
5.28513
5.28513
5.28513
5.28513
5.28513
5.28513
5.28513
5.28513
5.28513
5.28513
5.28513
5.28513
5.28513
5.28513
5.28513
5.28513
5.28513
5.28513
5.28513
5.28513
5.28513
5.28513
5.28513
5.28513
5.28513
5.28513
5.28513
5.28513
5.28513
5.28513
5.28513
5.28513
5.28513
5.28513
5.28513
5.28513
5.28513
5.28513
5.28513
5.28513
5.28513
5.28513
5.28513
5.28513
5.28513
5.28513
5.28513
5.28513
5.28513
5.28513
5.28513
5.28513
5.28513
5.28513
5.28513
5.28513
5.28513
5.28513
5.28513
5.28513
5.28513
5.28513
5.28513
5.28513
5.28513
5.28513
5.28513
5.28513
5.28513
5.28513
5.28513
5.28513
5.28513
5.28513
5.28513
5.28513
5.28513
5.28513
5.28513
5.28513
5.28513
5.28513
5.28513
5.28513
5.28513
5.28513
5.28513
5.28513
5.28513
5.28513
5.28513
5.28513
5.28513
5.28513
5.28513
5.28513
5.28513
5.28513
5.28513
5.28513
5.28513
5.28513
5.28513
5.28513
5.28513
5.28513
5.28513
5.28513
5.28513
5.28513
5.28513
5.28513
5.28513
5.28513
5.28513
5.28513
5.28513
5.28513
5.28513
5.28513
5.28513
5.28513
5.28513
5.28513
5.28513
5.28513
5.28513
5.28513
5.28513
5.28513
5.28513
5.28513
5.28513
5.28513
5.28513
5.28513
5.28513
5.28513
5.28513
5.28513
5.28513
5.28513
5.28513
5.28513
5.28513
5.28513
5.28513
5.28513
5.28513
5.28513
5.28513
5.28513
5.28513
5.28513
5.28513
5.28513
5.28513
5.28513
5.28513
5.28513
5.28513
5.28513
5.28513
5.28513
5.28513
5.28513
5.28513
5.28513
5.28513
5.28513
5.28513
5.28513
5.28513
5.28513
5.28513
5.28513
5.28513
5.28513
5.28513
5.28513
5.28513
5.28513
5.28513
5.28513
5.28513
5.28513
5.28513
5.28513
5.28513
5.28513
5.28513
5.28513
5.28513
5.28513
5.28513
5.28513
5.28513
5.28513
5.28513
5.28513
5.28513
5.28513
5.28513
5.28513
5.28513
5.28513
5.28513
5.28513
5.28513
5.28513
5.28513
5.28513
5.28513
5.28513
5.28513
5.28513
5.28513
5.28513
5.28513
5.28513
5.28513
5.28513
5.28513
5.28513
5.28513
5.28513
5.28513
5.28513
5.28513
5.28513
5.28513
5.28513
5.28513
5.28513
5.28513
5.28513
5.28513
5.28513
5.28513
5.28513
5.28513
5.28513
5.28513
5.28513
5.28513
5.28513
5.28513
5.28513
5.28513
5.28513
5.28513
5.28513
5.28513
5.28513
5.28513
5.28513
5.28513
5.28513
5.28513
5.28513
5.28513
5.28513
5.28513
5.28513
5.28513
5.28513
