18.4236
16.9165
15.5704
14.2825
13.2776
12.4281
11.927
11.3836
10.9909
10.6131
10.3936
9.83721
9.5636
9.12929
8.8713
8.8493
8.56937
8.27527
7.92048
7.54457
7.40044
7.37779
7.20659
6.94289
6.68359
6.52496
6.29659
6.08302
6.06001
6.0232
6.0217
6.02083
5.96704
5.83362
5.80069
5.92656
6.00779
5.74874
5.75843
5.73697
5.71068
5.6615
5.6615
5.6615
5.6615
5.66041
5.61178
5.53018
5.49523
5.49196
5.48171
5.46874
5.46171
5.44801
5.44622
5.44618
5.44388
5.44078
5.44078
5.4406
5.43202
5.41532
5.41325
5.41323
5.41251
5.41127
5.41107
5.41107
5.41098
5.405
5.36441
5.31652
5.31587
5.31587
5.31587
5.31587
5.31587
5.31587
5.31587
5.31587
5.31587
5.31587
5.31587
5.31587
5.31587
5.31587
5.31587
5.31587
5.31587
5.31587
5.31587
5.31587
5.31587
5.31587
5.31587
5.31587
5.31587
5.31587
5.31587
5.31587
5.31587
5.31587
5.31587
5.31587
5.31587
5.31587
5.31587
5.31587
5.31587
5.31587
5.31587
5.31587
5.31587
5.31587
5.31587
5.31587
5.31587
5.31587
5.31587
5.31587
5.31587
5.31587
5.31587
5.31587
5.31587
5.31587
5.31587
5.31587
5.31587
5.31587
5.31587
5.31587
5.31587
5.31587
5.31587
5.31587
5.31587
5.31587
5.31587
5.31587
5.31587
5.31587
5.31587
5.31587
5.31587
5.31587
5.31587
5.31587
5.31587
5.31587
5.31587
5.31587
5.31587
5.31587
5.31587
5.31587
5.31587
5.31587
5.31587
5.31587
5.31587
5.31587
5.31587
5.31587
5.31587
5.31587
5.31587
5.31587
5.31587
5.31587
5.31587
5.31587
5.31587
5.31587
5.31587
5.31587
5.31587
5.31587
5.31587
5.31587
5.31587
5.31587
5.31587
5.31587
5.31587
5.31587
5.31587
5.31587
5.31587
5.31587
5.31587
5.31587
5.31587
5.31587
5.31587
5.31587
5.31587
5.31587
5.31587
5.31587
5.31587
5.31587
5.31587
5.31587
5.31587
5.31587
5.31587
5.31587
5.31587
5.31587
5.31587
5.31587
5.31587
5.31587
5.31587
5.31587
5.31587
5.31587
5.31587
5.31587
5.31587
5.31587
5.31587
5.31587
5.31587
5.31587
5.31587
5.31587
5.31587
5.31587
5.31587
5.31587
5.31587
5.31587
5.31587
5.31587
5.31587
5.31587
5.31587
5.31587
5.31587
5.31587
5.31587
5.31587
5.31587
5.31587
5.31587
5.31587
5.31587
5.31587
5.31587
5.31587
5.31587
5.31587
5.31587
5.31587
5.31587
5.31587
5.31587
5.31587
5.31587
5.31587
5.31587
5.31587
5.31587
5.31587
5.31587
5.31587
5.31587
5.31587
5.31587
5.31587
5.31587
5.31587
5.31587
5.31587
5.31587
5.31587
5.31587
5.31587
5.31587
5.31587
5.31587
5.31587
5.31587
5.31587
5.31587
5.31587
5.31587
5.31587
5.31587
5.31587
5.31587
5.31587
5.31587
5.31587
5.31587
5.31587
5.31587
5.31587
5.31587
5.31587
5.31587
5.31587
5.31587
5.31587
5.31587
5.31587
5.31587
5.31587
5.31587
5.31587
5.31587
5.31587
5.31587
5.31587
5.31587
5.31587
5.31587
5.31587
5.31587
5.31587
5.31587
5.31587
5.31587
5.31587
5.31587
5.31587
5.31587
5.31587
5.31587
5.31587
5.31587
5.31587
5.31587
5.31587
5.31587
5.31587
5.31587
5.31587
5.31587
5.31587
5.31587
5.31587
5.31587
5.31587
5.31587
5.31587
5.31587
5.31587
5.31587
5.31587
5.31587
5.31587
5.31587
5.31587
5.31587
5.31587
5.31587
5.31587
5.31587
5.31587
5.31587
5.31587
5.31587
5.31587
5.31587
5.31587
5.31587
5.31587
5.31587
5.31587
5.31587
5.31587
5.31587
5.31587
5.31587
5.31587
5.31587
5.31587
5.31587
5.31587
5.31587
5.31587
5.31587
5.31587
5.31587
5.31587
5.31587
5.31587
5.31587
5.31587
5.31587
5.31587
5.31587
5.31587
5.31587
5.31587
5.31587
5.31587
5.31587
5.31587
5.31587
5.31587
5.31587
5.31587
5.31587
5.31587
5.31587
5.31587
5.31587
5.31587
5.31587
5.31587
5.31587
5.31587
5.31587
5.31587
5.31587
5.31587
5.31587
5.31587
5.31587
5.31587
5.31587
5.31587
5.31587
5.31587
5.31587
5.31587
5.31587
5.31587
5.31587
5.31587
5.31587
5.31587
5.31587
5.31587
5.31587
5.31587
5.31587
5.31587
5.31587
5.31587
5.31587
5.31587
5.31587
5.31587
5.31587
5.31587
5.31587
5.31587
5.31587
5.31587
5.31587
5.31587
5.31587
5.31587
5.31587
5.31587
5.31587
5.31587
5.31587
5.31587
5.31587
5.31587
5.31587
5.31587
5.31587
5.31587
5.31587
5.31587
5.31587
5.31587
5.31587
5.31587
5.31587
5.31587
5.31587
5.31587
5.31587
5.31587
5.31587
5.31587
5.31587
5.31587
5.31587
5.31587
5.31587
5.31587
5.31587
5.31587
5.31587
5.31587
5.31587
5.31587
5.31587
5.31587
5.31587
5.31587
5.31587
