16.0399
15.1624
13.7439
12.9362
12.0978
11.4686
11.0764
10.6545
10.335
9.9644
9.56915
9.31613
8.87399
8.86933
8.62979
8.16968
7.87383
7.71004
7.39464
7.39464
7.3674
7.04439
6.77325
6.55069
6.44375
6.07774
6.07774
6.0217
6.0217
6.0217
6.0217
5.89062
5.80108
5.80108
5.74272
5.74272
5.74272
5.73748
5.73748
5.6615
5.6615
5.6615
5.6615
5.6615
5.6615
5.49713
5.49713
5.49212
5.49212
5.46885
5.46885
5.45194
5.44622
5.44622
5.44622
5.44078
5.44078
5.44078
5.44078
5.41325
5.41325
5.41325
5.41325
5.41107
5.41107
5.41107
5.41107
5.41107
5.39723
5.31587
5.31587
5.31587
5.31587
5.31587
5.31587
5.31587
5.31587
5.31587
5.31587
5.31587
5.31587
5.31587
5.31587
5.31587
5.31587
5.31587
5.31587
5.31587
5.31587
5.31587
5.31587
5.31587
5.31587
5.31587
5.31587
5.31587
5.31587
5.31587
5.31587
5.31587
5.31587
5.31587
5.31587
5.31587
5.31587
5.31587
5.31587
5.31587
5.31587
5.31587
5.31587
5.31587
5.31587
5.31587
5.31587
5.31587
5.31587
5.31587
5.31587
5.31587
5.31587
5.31587
5.31587
5.31587
5.31587
5.31587
5.31587
5.31587
5.31587
5.31587
5.31587
5.31587
5.31587
5.31587
5.31587
5.31587
5.31587
5.31587
5.31587
5.31587
5.31587
5.31587
5.31587
5.31587
5.31587
5.31587
5.31587
5.31587
5.31587
5.31587
5.31587
5.31587
5.31587
5.31587
5.31587
5.31587
5.31587
5.31587
5.31587
5.31587
5.31587
5.31587
5.31587
5.31587
5.31587
5.31587
5.31587
5.31587
5.31587
5.31587
5.31587
5.31587
5.31587
5.31587
5.31587
5.31587
5.31587
5.31587
5.31587
5.31587
5.31587
5.31587
5.31587
5.31587
5.31587
5.31587
5.31587
5.31587
5.31587
5.31587
5.31587
5.31587
5.31587
5.31587
5.31587
5.31587
5.31587
5.31587
5.31587
5.31587
5.31587
5.31587
5.31587
5.31587
5.31587
5.31587
5.31587
5.31587
5.31587
5.31587
5.31587
5.31587
5.31587
5.31587
5.31587
5.31587
5.31587
5.31587
5.31587
5.31587
5.31587
5.31587
5.31587
5.31587
5.31587
5.31587
5.31587
5.31587
5.31587
5.31587
5.31587
5.31587
5.31587
5.31587
5.31587
5.31587
5.31587
5.31587
5.31587
5.31587
5.31587
5.31587
5.31587
5.31587
5.31587
5.31587
5.31587
5.31587
5.31587
5.31587
5.31587
5.31587
5.31587
5.31587
5.31587
5.31587
5.31587
5.31587
5.31587
5.31587
5.31587
5.31587
5.31587
5.31587
5.31587
5.31587
5.31587
5.31587
5.31587
5.31587
5.31587
5.31587
5.31587
5.31587
5.31587
5.31587
5.31587
5.31587
5.31587
5.31587
5.31587
5.31587
5.31587
5.31587
5.31587
5.31587
5.31587
5.31587
5.31587
5.31587
5.31587
5.31587
5.31587
5.31587
5.31587
5.31587
5.31587
5.31587
5.31587
5.31587
5.31587
5.31587
5.31587
5.31587
5.31587
5.31587
5.31587
5.31587
5.31587
5.31587
5.31587
5.31587
5.31587
5.31587
5.31587
5.31587
5.31587
5.31587
5.31587
5.31587
5.31587
5.31587
5.31587
5.31587
5.31587
5.31587
5.31587
5.31587
5.31587
5.31587
5.31587
5.31587
5.31587
5.31587
5.31587
5.31587
5.31587
5.31587
5.31587
5.31587
5.31587
5.31587
5.31587
5.31587
5.31587
5.31587
5.31587
5.31587
5.31587
5.31587
5.31587
5.31587
5.31587
5.31587
5.31587
5.31587
5.31587
5.31587
5.31587
5.31587
5.31587
5.31587
5.31587
5.31587
5.31587
5.31587
5.31587
5.31587
5.31587
5.31587
5.31587
5.31587
5.31587
5.31587
5.31587
5.31587
5.31587
5.31587
5.31587
5.31587
5.31587
5.31587
5.31587
5.31587
5.31587
5.31587
5.31587
5.31587
5.31587
5.31587
5.31587
5.31587
5.31587
5.31587
5.31587
5.31587
5.31587
5.31587
5.31587
5.31587
5.31587
5.31587
5.31587
5.31587
5.31587
5.31587
5.31587
5.31587
5.31587
5.31587
5.31587
5.31587
5.31587
5.31587
5.31587
5.31587
5.31587
5.31587
5.31587
5.31587
5.31587
5.31587
5.31587
5.31587
5.31587
5.31587
5.31587
5.31587
5.31587
5.31587
5.31587
5.31587
5.31587
5.31587
5.31587
5.31587
5.31587
5.31587
5.31587
5.31587
5.31587
5.31587
5.31587
5.31587
5.31587
5.31587
5.31587
5.31587
5.31587
5.31587
5.31587
5.31587
5.31587
5.31587
5.31587
5.31587
5.31587
5.31587
5.31587
5.31587
5.31587
5.31587
5.31587
5.31587
5.31587
5.31587
5.31587
5.31587
5.31587
5.31587
5.31587
5.31587
5.31587
5.31587
5.31587
5.31587
5.31587
5.31587
5.31587
5.31587
5.31587
5.31587
5.31587
5.31587
5.31587
5.31587
5.31587
5.31587
5.31587
5.31587
5.31587
5.31587
5.31587
5.31587
5.31587
5.31587
5.31587
5.31587
5.31587
5.31587
5.31587
