16.1357
15.247
14.0821
12.8182
12.3802
11.8414
11.3881
10.4099
9.8507
9.52148
9.17481
8.37872
8.17911
8.03695
7.95182
7.74143
7.61326
7.49254
7.46927
7.34488
7.27189
7.09869
7.02644
7.02154
6.9932
6.9883
6.9883
6.83927
6.82903
6.7716
6.50023
6.39324
6.38264
6.38264
6.38264
6.35997
6.22398
6.22398
6.22398
6.22398
6.15158
6.14675
6.14675
6.07225
6.07225
6.07225
6.07225
6.07225
6.07225
6.07225
6.07225
6.07225
6.07225
6.04244
6.03523
6.00542
6.00542
5.86724
5.86724
5.86724
5.86724
5.86724
5.77749
5.77749
5.77749
5.77749
5.77749
5.77749
5.77749
5.74909
5.68476
5.68476
5.68476
5.68476
5.68476
5.68476
5.68476
5.68476
5.68476
5.68476
5.68476
5.68476
5.68476
5.68476
5.68476
5.68476
5.68476
5.68476
5.68476
5.68476
5.68476
5.68476
5.68476
5.68476
5.68476
5.68476
5.68476
5.68476
5.68476
5.68476
5.68476
5.68476
5.68476
5.68476
5.68476
5.68476
5.68476
5.68476
5.68476
5.68476
5.68476
5.68476
5.68476
5.68476
5.32796
5.32796
5.32796
5.32796
5.32796
5.32796
5.32796
5.32796
5.32796
5.32796
5.32796
5.32796
5.32796
5.32796
5.32796
5.32796
5.32796
5.32796
5.32796
5.32796
5.32796
5.32796
5.32796
5.32796
5.32796
5.32796
5.32796
5.32796
5.32796
5.32796
5.32796
5.32796
5.32796
5.32796
5.32796
5.32796
5.32796
5.32796
5.32796
5.32796
5.32796
5.32796
5.32796
5.32796
5.32796
5.32796
5.32796
5.32796
5.32796
5.32796
5.32796
5.32796
5.32796
5.30722
5.30722
5.30722
5.30722
5.28513
5.28513
5.28513
5.28513
5.28513
5.28513
5.28513
5.28513
5.28513
5.28513
5.28513
5.28513
5.28513
5.28513
5.28513
5.28513
5.28513
5.28513
5.28513
5.28513
5.28513
5.28513
5.28513
5.28513
5.28513
5.28513
5.28513
5.28513
5.28513
5.28513
5.28513
5.28513
5.28513
5.28513
5.28513
5.28513
5.28513
5.28513
5.28513
5.28513
5.28513
5.28513
5.28513
5.28513
5.28513
5.28513
5.28513
5.28513
5.28513
5.28513
5.28513
5.28513
5.28513
5.28513
5.28513
5.28513
5.28513
5.28513
5.28513
5.28513
5.28513
5.28513
5.28513
5.28513
5.28513
5.28513
5.28513
5.28513
5.28513
5.28513
5.28513
5.28513
5.28513
5.28513
5.28513
5.28513
5.28513
5.28513
5.28513
5.28513
5.28513
5.28513
5.28513
5.28513
5.28513
5.28513
5.28513
5.28513
5.28513
5.28513
5.28513
5.28513
5.28513
5.28513
5.28513
5.28513
5.28513
5.28513
5.28513
5.28513
5.28513
5.28513
5.28513
5.28513
5.28513
5.28513
5.28513
5.28513
5.28513
5.28513
5.28513
5.28513
5.28513
5.28513
5.28513
5.28513
5.28513
5.28513
5.28513
5.28513
5.28513
5.28513
5.28513
5.28513
5.28513
5.28513
5.28513
5.28513
5.28513
5.28513
5.28513
5.28513
5.28513
5.28513
5.28513
5.28513
5.28513
5.28513
5.28513
5.28513
5.28513
5.28513
5.28513
5.28513
5.28513
5.28513
5.28513
5.28513
5.28513
5.28513
5.28513
5.28513
5.28513
5.28513
5.28513
5.28513
5.28513
5.28513
5.28513
5.28513
5.28513
5.28513
5.28513
5.28513
5.28513
5.28513
5.28513
5.28513
5.28513
5.28513
5.28513
5.28513
5.28513
5.28513
5.28513
5.28513
5.28513
5.28513
5.28513
5.28513
5.28513
5.28513
5.28513
5.28513
5.28513
5.28513
5.28513
5.28513
5.28513
5.28513
5.28513
5.28513
5.28513
5.28513
5.28513
5.28513
5.28513
5.28513
5.28513
5.28513
5.28513
5.28513
5.28513
5.28513
5.28513
5.28513
5.28513
5.28513
5.28513
5.28513
5.28513
5.28513
5.28513
5.28513
5.28513
5.28513
5.28513
5.28513
5.28513
5.28513
5.28513
5.28513
5.28513
5.28513
5.28513
5.28513
5.28513
5.28513
5.28513
5.28513
5.28513
5.28513
5.28513
5.28513
5.28513
5.28513
5.28513
5.28513
5.28513
5.28513
5.28513
5.28513
5.28513
5.28513
5.28513
5.28513
5.28513
5.28513
5.28513
5.28513
5.28513
5.28513
5.28513
5.28513
5.28513
5.28513
5.28513
5.28513
5.28513
5.28513
5.28513
5.28513
5.28513
5.28513
5.28513
5.28513
5.28513
5.28513
5.28513
5.28513
5.28513
5.28513
5.28513
5.28513
5.28513
5.28513
5.28513
5.28513
5.28513
5.28513
5.28513
5.28513
5.28513
5.28513
5.28513
5.28513
5.28513
5.28513
5.28513
5.28513
5.28513
5.28513
5.28513
5.28513
5.28513
5.28513
5.28513
5.28513
5.28513
5.28513
5.28513
5.28513
5.28513
5.28513
5.28513
5.28513
5.28513
5.28513
5.28513
5.28513
5.28513
5.28513
5.28513
5.28513
5.28513
5.28513
5.28513
5.28513
5.28513
5.28513
5.28513
5.28513
5.28513
5.28513
5.28513
5.28513
5.28513
5.28513
5.28513
5.28513
