18.2828
16.4574
14.9559
13.8461
12.8547
12.1789
11.5957
11.1464
10.8839
10.5308
10.2835
9.93391
9.58321
9.23958
8.89316
8.59208
8.39148
8.3856
8.19753
7.88748
7.83363
7.73863
7.53458
7.11215
6.94429
6.91131
6.79302
6.66787
6.60981
6.47338
6.35764
6.1876
6.05553
5.99281
5.94264
5.90811
5.90532
5.90511
5.89541
5.873
5.85649
5.82135
5.75778
5.73662
5.72962
5.71624
5.70897
5.69228
5.67695
5.66855
5.6587
5.65091
5.65091
5.65091
5.65091
5.65091
5.65091
5.65091
5.65091
5.65091
5.65091
5.65091
5.65091
5.65091
5.65091
5.65091
5.65091
5.65091
5.65091
5.65091
5.65089
5.64977
5.64574
5.64193
5.64193
5.64193
5.64193
5.64193
5.64193
5.64193
5.64193
5.64193
5.64193
5.64193
5.64193
5.64193
5.64136
5.60517
5.55766
5.55703
5.55205
5.51789
5.49566
5.49566
5.49566
5.49566
5.4949
5.45469
5.40186
5.38186
5.38186
5.38186
5.38186
5.38183
5.3797
5.37627
5.37627
5.37627
5.37627
5.37627
5.37627
5.37627
5.37627
5.37627
5.37627
5.37627
5.37627
5.37627
5.37627
5.37627
5.37627
5.37627
5.37627
5.37627
5.37627
5.37627
5.37627
5.37627
5.37627
5.37627
5.37627
5.37627
5.37627
5.37627
5.37627
5.37627
5.37627
5.37627
5.37627
5.37627
5.37627
5.37627
5.37627
5.37627
5.37627
5.37627
5.37627
5.37627
5.37627
5.37627
5.37627
5.37627
5.37627
5.37627
5.37627
5.37627
5.37627
5.37627
5.37627
5.37627
5.37627
5.37627
5.37627
5.37627
5.37627
5.37627
5.37627
5.37627
5.37627
5.37627
5.37627
5.37627
5.37627
5.37627
5.37627
5.37627
5.37627
5.37627
5.37627
5.37627
5.37627
5.37627
5.37627
5.37627
5.37627
5.37627
5.37627
5.37627
5.37627
5.37627
5.37627
5.37627
5.37627
5.37627
5.37627
5.37627
5.37627
5.37627
5.37627
5.37627
5.37627
5.37627
5.37627
5.37627
5.37627
5.37627
5.37627
5.37627
5.37627
5.37627
5.37627
5.37627
5.37627
5.37627
5.37627
5.37627
5.37627
5.37627
5.37627
5.37627
5.37627
5.37627
5.37627
5.37627
5.37627
5.37627
5.37627
5.37627
5.37627
5.37627
5.37627
5.37627
5.37627
5.37627
5.37627
5.37627
5.37627
5.37627
5.37627
5.37627
5.37627
5.37627
5.37627
5.37627
5.37627
5.37627
5.37627
5.37627
5.37627
5.37627
5.37627
5.37627
5.37627
5.37627
5.37627
5.37627
5.37627
5.37627
5.37627
5.37627
5.37627
5.37627
5.37627
5.37627
5.37627
5.37627
5.37627
5.37627
5.37627
5.37627
5.37627
5.37627
5.37627
5.37627
5.37627
5.37627
5.37627
5.37627
5.37627
5.37627
5.37627
5.37627
5.37627
5.37627
5.37627
5.37627
5.37627
5.37627
5.37627
5.37627
5.37627
5.37627
5.37627
5.37627
5.37627
5.37627
5.37627
5.37627
5.37627
5.37627
5.37627
5.37627
5.37627
5.37627
5.37627
5.37627
5.37627
5.37627
5.37627
5.37627
5.37627
5.37627
5.37627
5.37627
5.37627
5.37627
5.37627
5.37627
5.37627
5.37627
5.37627
5.37627
5.37627
5.37627
5.37627
5.37627
5.37627
5.37627
5.37627
5.37627
5.37627
5.37627
5.37627
5.37627
5.37627
5.37627
5.37627
5.37627
5.37627
5.37627
5.37627
5.37627
5.37627
5.37627
5.37627
5.37627
5.37627
5.37627
5.37627
5.37627
5.37627
5.37627
5.37627
5.37627
5.37627
5.37627
5.37627
5.37627
5.37627
5.37627
5.37627
5.37627
5.37627
5.37627
5.37627
5.37627
5.37627
5.37627
5.37627
5.37627
5.37627
5.37627
5.37627
5.37627
5.37627
5.37627
5.37627
5.37627
5.37627
5.37627
5.37627
5.37627
5.37627
5.37627
5.37627
5.37627
5.37627
5.37627
5.37627
5.37627
5.37627
5.37627
5.37627
5.37627
5.37627
5.37627
5.37627
5.37627
5.37627
5.37627
5.37627
5.37627
5.37627
5.37627
5.37627
5.37627
5.37627
5.37627
5.37627
5.37627
5.37627
5.37627
5.37627
5.37627
5.37627
5.37627
5.37627
5.37627
5.37627
5.37627
5.37627
5.37627
5.37627
5.37627
5.37627
5.37627
5.37627
5.37627
5.37627
5.37627
5.37627
5.37627
5.37627
5.37627
5.37627
5.37627
5.37627
5.37627
5.37627
5.37627
5.37627
5.37627
5.37627
5.37627
5.37627
5.37627
5.37627
5.37627
5.37627
5.37627
5.37627
5.37627
5.37627
5.37627
5.37627
5.37627
5.37627
5.37627
5.37627
5.37627
5.37627
5.37627
5.37627
5.37627
5.37627
5.37627
5.37627
5.37627
5.37627
5.37627
5.37627
5.37627
5.37627
5.37627
5.37627
5.37627
5.37627
5.37627
5.37627
5.37627
5.37627
5.37627
5.37627
5.37627
5.37627
5.37627
5.37627
5.37627
5.37627
5.37627
5.37627
5.37627
5.37627
5.37627
5.37627
5.37627
5.37627
5.37627
5.37627
5.37627
5.37627
