15.3789
14.4067
13.0152
12.3044
11.5168
11.3969
10.9085
10.5992
10.3403
10.1271
9.75843
9.39629
9.02481
8.59939
8.42528
8.28273
8.16477
7.85421
7.85421
7.80889
7.58788
7.21437
6.94805
6.93981
6.87192
6.72873
6.66083
6.53386
6.46596
6.25283
6.04896
5.97298
5.96809
5.90532
5.90532
5.90532
5.90532
5.87417
5.8573
5.8573
5.73678
5.73678
5.73678
5.71238
5.71238
5.70549
5.68108
5.67158
5.66041
5.65091
5.65091
5.65091
5.65091
5.65091
5.65091
5.65091
5.65091
5.65091
5.65091
5.65091
5.65091
5.65091
5.65091
5.65091
5.65091
5.65091
5.65091
5.65091
5.65091
5.65091
5.64828
5.64193
5.64193
5.64193
5.64193
5.64193
5.64193
5.64193
5.64193
5.64193
5.64193
5.64193
5.64193
5.64193
5.64193
5.64193
5.5571
5.5571
5.5571
5.54685
5.49566
5.49566
5.49566
5.49566
5.49566
5.49566
5.38186
5.38186
5.38186
5.38186
5.38186
5.38186
5.38186
5.37627
5.37627
5.37627
5.37627
5.37627
5.37627
5.37627
5.37627
5.37627
5.37627
5.37627
5.37627
5.37627
5.37627
5.37627
5.37627
5.37627
5.37627
5.37627
5.37627
5.37627
5.37627
5.37627
5.37627
5.37627
5.37627
5.37627
5.37627
5.37627
5.37627
5.37627
5.37627
5.37627
5.37627
5.37627
5.37627
5.37627
5.37627
5.37627
5.37627
5.37627
5.37627
5.37627
5.37627
5.37627
5.37627
5.37627
5.37627
5.37627
5.37627
5.37627
5.37627
5.37627
5.37627
5.37627
5.37627
5.37627
5.37627
5.37627
5.37627
5.37627
5.37627
5.37627
5.37627
5.37627
5.37627
5.37627
5.37627
5.37627
5.37627
5.37627
5.37627
5.37627
5.37627
5.37627
5.37627
5.37627
5.37627
5.37627
5.37627
5.37627
5.37627
5.37627
5.37627
5.37627
5.37627
5.37627
5.37627
5.37627
5.37627
5.37627
5.37627
5.37627
5.37627
5.37627
5.37627
5.37627
5.37627
5.37627
5.37627
5.37627
5.37627
5.37627
5.37627
5.37627
5.37627
5.37627
5.37627
5.37627
5.37627
5.37627
5.37627
5.37627
5.37627
5.37627
5.37627
5.37627
5.37627
5.37627
5.37627
5.37627
5.37627
5.37627
5.37627
5.37627
5.37627
5.37627
5.37627
5.37627
5.37627
5.37627
5.37627
5.37627
5.37627
5.37627
5.37627
5.37627
5.37627
5.37627
5.37627
5.37627
5.37627
5.37627
5.37627
5.37627
5.37627
5.37627
5.37627
5.37627
5.37627
5.37627
5.37627
5.37627
5.37627
5.37627
5.37627
5.37627
5.37627
5.37627
5.37627
5.37627
5.37627
5.37627
5.37627
5.37627
5.37627
5.37627
5.37627
5.37627
5.37627
5.37627
5.37627
5.37627
5.37627
5.37627
5.37627
5.37627
5.37627
5.37627
5.37627
5.37627
5.37627
5.37627
5.37627
5.37627
5.37627
5.37627
5.37627
5.37627
5.37627
5.37627
5.37627
5.37627
5.37627
5.37627
5.37627
5.37627
5.37627
5.37627
5.37627
5.37627
5.37627
5.37627
5.37627
5.37627
5.37627
5.37627
5.37627
5.37627
5.37627
5.37627
5.37627
5.37627
5.37627
5.37627
5.37627
5.37627
5.37627
5.37627
5.37627
5.37627
5.37627
5.37627
5.37627
5.37627
5.37627
5.37627
5.37627
5.37627
5.37627
5.37627
5.37627
5.37627
5.37627
5.37627
5.37627
5.37627
5.37627
5.37627
5.37627
5.37627
5.37627
5.37627
5.37627
5.37627
5.37627
5.37627
5.37627
5.37627
5.37627
5.37627
5.37627
5.37627
5.37627
5.37627
5.37627
5.37627
5.37627
5.37627
5.37627
5.37627
5.37627
5.37627
5.37627
5.37627
5.37627
5.37627
5.37627
5.37627
5.37627
5.37627
5.37627
5.37627
5.37627
5.37627
5.37627
5.37627
5.37627
5.37627
5.37627
5.37627
5.37627
5.37627
5.37627
5.37627
5.37627
5.37627
5.37627
5.37627
5.37627
5.37627
5.37627
5.37627
5.37627
5.37627
5.37627
5.37627
5.37627
5.37627
5.37627
5.37627
5.37627
5.37627
5.37627
5.37627
5.37627
5.37627
5.37627
5.37627
5.37627
5.37627
5.37627
5.37627
5.37627
5.37627
5.37627
5.37627
5.37627
5.37627
5.37627
5.37627
5.37627
5.37627
5.37627
5.37627
5.37627
5.37627
5.37627
5.37627
5.37627
5.37627
5.37627
5.37627
5.37627
5.37627
5.37627
5.37627
5.37627
5.37627
5.37627
5.37627
5.37627
5.37627
5.37627
5.37627
5.37627
5.37627
5.37627
5.37627
5.37627
5.37627
5.37627
5.37627
5.37627
5.37627
5.37627
5.37627
5.37627
5.37627
5.37627
5.37627
5.37627
5.37627
5.37627
5.37627
5.37627
5.37627
5.37627
5.37627
5.37627
5.37627
5.37627
5.37627
5.37627
5.37627
5.37627
5.37627
5.37627
5.37627
5.37627
5.37627
5.37627
5.37627
5.37627
5.37627
5.37627
5.37627
5.37627
5.37627
5.37627
5.37627
5.37627
5.37627
5.37627
5.37627
5.37627
5.37627
5.37627
