16.0408
13.8496
13.4016
12.8125
12.2235
11.7977
10.9227
10.1569
10.0377
9.93228
9.40233
8.64267
8.38229
7.88497
7.79104
7.77908
7.70689
7.70026
7.66751
7.36061
7.20097
7.14191
7.12599
7.06871
6.93895
6.65623
6.6324
6.17906
6.09406
6.09406
6.09406
6.09406
6.09406
6.09406
6.08804
6.08804
6.08613
6.06456
6.06456
6.06456
6.06456
6.06456
5.88615
5.88615
5.88615
5.80765
5.80765
5.80765
5.80765
5.80765
5.80765
5.75989
5.75989
5.59652
5.59652
5.59652
5.59652
5.59652
5.4551
5.4551
5.4551
5.4551
5.4551
5.4551
5.4551
5.4551
5.4551
5.4551
5.4551
5.4551
5.4551
5.4551
5.4551
5.4551
5.4551
5.4551
5.4551
5.4551
5.4551
5.4551
5.4551
5.4551
5.4551
5.4551
5.4551
5.4551
5.4551
5.4551
5.4551
5.4551
5.4551
5.4551
5.4551
5.4551
5.4551
5.4551
5.4551
5.4551
5.4551
5.4551
5.4551
5.4551
5.4551
5.4551
5.4551
5.4551
5.4551
5.4551
5.4551
5.4551
5.4551
5.4551
5.4551
5.4551
5.4551
5.4551
5.4551
5.4551
5.4551
5.4551
5.4551
5.4551
5.4551
5.4551
5.4551
5.4551
5.4551
5.4551
5.4551
5.4551
5.4551
5.4551
5.4551
5.4551
5.4551
5.4551
5.4551
5.4551
5.4551
5.4551
5.4551
5.4551
5.4551
5.4551
5.4551
5.4551
5.4551
5.4551
5.40559
5.40559
5.40559
5.40559
5.40559
5.40559
5.40559
5.40559
5.40559
5.40559
5.40559
5.37291
5.33219
5.33219
5.33219
5.33219
5.33219
5.33219
5.33219
5.32647
5.32647
5.32647
5.32647
5.32647
5.32647
5.32647
5.32647
5.32647
5.32647
5.32647
5.32647
5.32647
5.32647
5.32647
5.32647
5.32647
5.32647
5.32647
5.32647
5.32647
5.32647
5.32647
5.32647
5.32647
5.32647
5.32647
5.32647
5.32647
5.32647
5.32647
5.30438
5.30438
5.30438
5.30438
5.30438
5.30438
5.30438
5.30438
5.30438
5.30438
5.30438
5.30438
5.30438
5.30438
5.30438
5.30438
5.30438
5.30438
5.30438
5.30438
5.30438
5.30438
5.30438
5.30438
5.30438
5.30438
5.30438
5.30438
5.30438
5.30438
5.30438
5.30438
5.30438
5.30438
5.30438
5.30438
5.30438
5.30438
5.30438
5.30438
5.30438
5.30438
5.30438
5.30438
5.30438
5.30438
5.30438
5.30438
5.30438
5.30438
5.30438
5.30438
5.30438
5.30438
5.30438
5.30438
5.30438
5.30438
5.30438
5.30438
5.30438
5.30438
5.30438
5.30438
5.30438
5.30438
5.30438
5.30438
5.30438
5.30438
5.30438
5.30438
5.30438
5.30438
5.30438
5.30438
5.30438
5.30438
5.30438
5.30438
5.30438
5.30438
5.30438
5.30438
5.30438
5.30438
5.30438
5.30438
5.30438
5.30438
5.30438
5.30438
5.30438
5.30438
5.30438
5.30438
5.30438
5.30438
5.30438
5.30438
5.30438
5.30438
5.30438
5.30438
5.30438
5.30438
5.30438
5.30438
5.30438
5.30438
5.30438
5.30438
5.30438
5.30438
5.30438
5.30438
5.30438
5.30438
5.30438
5.30438
5.30438
5.30438
5.30438
5.30438
5.30438
5.30438
5.30438
5.30438
5.30438
5.30438
5.30438
5.30438
5.30438
5.30438
5.30438
5.30438
5.30438
5.30438
5.30438
5.30438
5.30438
5.30438
5.30438
5.30438
5.30438
5.30438
5.30438
5.30438
5.30438
5.30438
5.30438
5.30438
5.30438
5.30438
5.30438
5.30438
5.30438
5.30438
5.30438
5.30438
5.30438
5.30438
5.30438
5.30438
5.30438
5.30438
5.30438
5.30438
5.30438
5.30438
5.30438
5.30438
5.30438
5.30438
5.30438
5.30438
5.30438
5.30438
5.30438
5.30438
5.30438
5.30438
5.30438
5.30438
5.30438
5.30438
5.30438
5.30438
5.30438
5.30438
5.30438
5.30438
5.30438
5.30438
5.30438
5.30438
5.30438
5.30438
5.30438
5.30438
5.30438
5.30438
5.30438
5.30438
5.30438
5.30438
5.30438
5.30438
5.30438
5.30438
5.30438
5.30438
5.30438
5.30438
5.30438
5.30438
5.30438
5.30438
5.30438
5.30438
5.30438
5.30438
5.30438
5.30438
5.30438
5.30438
5.30438
5.30438
5.30438
5.30438
5.30438
5.30438
5.30438
5.30438
5.30438
5.30438
5.30438
5.30438
5.30438
5.30438
5.30438
5.30438
5.30438
5.30438
5.30438
5.30438
5.30438
5.30438
5.30438
5.30438
5.30438
5.30438
5.30438
5.30438
5.30438
5.30438
5.30438
5.30438
5.30438
5.30438
5.30438
5.30438
5.30438
5.30438
5.30438
5.30438
5.30438
5.30438
5.30438
5.30438
5.30438
5.30438
5.30438
5.30438
5.30438
5.30438
5.30438
5.30438
5.30438
5.30438
5.30438
5.30438
5.30438
5.30438
5.30438
5.30438
5.30438
5.30438
5.30438
5.30438
5.30438
5.30438
5.30438
5.30438
5.30438
5.30438
5.30438
5.30438
5.30438
5.30438
5.30438
5.30438
5.30438
