18.3484
16.5284
14.84
13.7479
13.1218
12.4315
11.9595
11.4672
10.6894
10.2797
10.0173
9.63262
8.95139
8.65028
8.18373
7.85605
7.79403
7.74906
7.92592
7.78883
7.57711
7.34214
7.18401
7.14037
7.10205
7.02484
6.80903
6.64464
6.54981
6.34045
6.12211
6.09406
6.09406
6.09406
6.09402
6.30385
6.40174
6.23512
6.50205
6.54811
6.42516
6.12198
6.06337
5.98265
5.88732
5.88562
5.91051
5.90963
5.81703
5.80765
5.80765
5.80734
5.7911
5.76096
5.69773
5.59652
5.59652
5.59652
5.59558
5.6496
5.65019
5.45723
5.4551
5.4551
5.4551
5.4551
5.4551
5.4551
5.4551
5.4551
5.4551
5.4551
5.4551
5.4551
5.4551
5.4551
5.4551
5.4551
5.4551
5.4551
5.4551
5.4551
5.4551
5.4551
5.4551
5.4551
5.4551
5.4551
5.4551
5.4551
5.4551
5.4551
5.4551
5.4551
5.4551
5.4551
5.4551
5.4551
5.4551
5.4551
5.4551
5.4551
5.4551
5.4551
5.4551
5.4551
5.4551
5.4551
5.4551
5.4551
5.4551
5.4551
5.4551
5.4551
5.4551
5.4551
5.4551
5.4551
5.4551
5.4551
5.4551
5.4551
5.4551
5.4551
5.4551
5.4551
5.4551
5.4551
5.4551
5.4551
5.4551
5.4551
5.4551
5.4551
5.4551
5.4551
5.4551
5.4551
5.4551
5.4551
5.4551
5.4551
5.4551
5.4551
5.4551
5.4551
5.4551
5.4551
5.45477
5.43497
5.40559
5.40559
5.40559
5.40559
5.40559
5.40559
5.40559
5.40559
5.40559
5.40537
5.39001
5.35472
5.33409
5.33219
5.33219
5.33219
5.33219
5.33215
5.33009
5.32647
5.32647
5.32647
5.32647
5.32647
5.32647
5.32647
5.32647
5.32647
5.32647
5.32647
5.32647
5.32647
5.32647
5.32647
5.32647
5.32647
5.32647
5.32647
5.32647
5.32647
5.32647
5.32647
5.32647
5.32647
5.32647
5.32647
5.32647
5.32647
5.32632
5.32544
5.32132
5.31115
5.30438
5.30438
5.30438
5.30438
5.30438
5.30438
5.30438
5.30438
5.30438
5.30438
5.30438
5.30438
5.30438
5.30438
5.30438
5.30438
5.30438
5.30438
5.30438
5.30438
5.30438
5.30438
5.30438
5.30438
5.30438
5.30438
5.30438
5.30438
5.30438
5.30438
5.30438
5.30438
5.30438
5.30438
5.30438
5.30438
5.30438
5.30438
5.30438
5.30438
5.30438
5.30438
5.30438
5.30438
5.30438
5.30438
5.30438
5.30438
5.30438
5.30438
5.30438
5.30438
5.30438
5.30438
5.30438
5.30438
5.30438
5.30438
5.30438
5.30438
5.30438
5.30438
5.30438
5.30438
5.30438
5.30438
5.30438
5.30438
5.30438
5.30438
5.30438
5.30438
5.30438
5.30438
5.30438
5.30438
5.30438
5.30438
5.30438
5.30438
5.30438
5.30438
5.30438
5.30438
5.30438
5.30438
5.30438
5.30438
5.30438
5.30438
5.30438
5.30438
5.30438
5.30438
5.30438
5.30438
5.30438
5.30438
5.30438
5.30438
5.30438
5.30438
5.30438
5.30438
5.30438
5.30438
5.30438
5.30438
5.30438
5.30438
5.30438
5.30438
5.30438
5.30438
5.30438
5.30438
5.30438
5.30438
5.30438
5.30438
5.30438
5.30438
5.30438
5.30438
5.30438
5.30438
5.30438
5.30438
5.30438
5.30438
5.30438
5.30438
5.30438
5.30438
5.30438
5.30438
5.30438
5.30438
5.30438
5.30438
5.30438
5.30438
5.30438
5.30438
5.30438
5.30438
5.30438
5.30438
5.30438
5.30438
5.30438
5.30438
5.30438
5.30438
5.30438
5.30438
5.30438
5.30438
5.30438
5.30438
5.30438
5.30438
5.30438
5.30438
5.30438
5.30438
5.30438
5.30438
5.30438
5.30438
5.30438
5.30438
5.30438
5.30438
5.30438
5.30438
5.30438
5.30438
5.30438
5.30438
5.30438
5.30438
5.30438
5.30438
5.30438
5.30438
5.30438
5.30438
5.30438
5.30438
5.30438
5.30438
5.30438
5.30438
5.30438
5.30438
5.30438
5.30438
5.30438
5.30438
5.30438
5.30438
5.30438
5.30438
5.30438
5.30438
5.30438
5.30438
5.30438
5.30438
5.30438
5.30438
5.30438
5.30438
5.30438
5.30438
5.30438
5.30438
5.30438
5.30438
5.30438
5.30438
5.30438
5.30438
5.30438
5.30438
5.30438
5.30438
5.30438
5.30438
5.30438
5.30438
5.30438
5.30438
5.30438
5.30438
5.30438
5.30438
5.30438
5.30438
5.30438
5.30438
5.30438
5.30438
5.30438
5.30438
5.30438
5.30438
5.30438
5.30438
5.30438
5.30438
5.30438
5.30438
5.30438
5.30438
5.30438
5.30438
5.30438
5.30438
5.30438
5.30438
5.30438
5.30438
5.30438
5.30438
5.30438
5.30438
5.30438
5.30438
5.30438
5.30438
5.30438
5.30438
5.30438
5.30438
5.30438
5.30438
5.30438
5.30438
5.30438
5.30438
5.30438
5.30438
5.30438
5.30438
5.30438
5.30438
5.30438
5.30438
5.30438
5.30438
5.30438
5.30438
5.30438
5.30438
5.30438
5.30438
5.30438
