492.569
456.84
439.849
420.685
394.074
375.381
364.069
353.577
344.282
336.049
331.529
326.52
323.269
318.172
311.161
304.034
299.337
294.957
287.108
279.391
276.047
270.646
269.421
264.126
257.069
250.704
245.285
241.787
237.594
229.79
225.432
223.203
220.689
217.756
212.403
207.403
204.388
202.066
198.468
194.403
192.498
190.387
187.839
185.456
183.256
181.629
179.32
176.534
173.498
170.593
168.712
167.399
164.76
161.858
159.135
157.521
155.422
154.062
152.639
151.507
149.994
149.518
148.894
148.616
147.82
144.974
141.979
140.904
140.28
139.312
138.45
137.14
136.466
135.706
134.603
133.397
133.436
132.696
130.888
130.438
129.544
128.78
127.749
127.125
125.562
122.986
121.077
120.397
119.852
119.39
118.512
117.893
117.34
114.772
112.159
111.715
111.461
110.876
110.754
110.547
110.427
110.112
109.714
109.146
108.571
108.208
108.066
107.799
107.281
107.067
106.98
106.739
106.552
106.141
105.899
105.83
105.817
105.564
105.021
104.664
104.366
104.212
104.647
102.017
98.8781
98.4439
97.8431
97.1043
96.3746
96.1307
95.9148
95.3764
95.0915
94.7517
94.7517
94.7515
94.7407
94.6201
94.4248
93.8514
93.118
92.6344
93.304
94.7923
94.235
90.2341
87.7355
86.5117
85.756
85.575
85.1647
84.4815
84.1126
83.7818
83.4743
82.8933
82.6843
82.3289
82.0719
81.7907
81.7897
81.7161
81.5472
81.5127
81.3318
81.0364
80.8544
80.8358
80.8356
80.8219
80.7906
80.7906
80.7906
80.7906
80.7906
80.7906
80.7906
80.7904
80.7633
80.5369
80.1051
79.9448
81.457
81.837
81.3927
79.3565
78.8455
78.8455
78.8455
78.8441
78.7284
78.4921
78.4921
78.4921
78.4921
78.4921
78.4919
78.4778
78.4523
78.4241
78.3661
78.3623
78.3623
78.3623
78.3623
78.3623
78.3623
78.3623
78.3623
78.3623
78.3623
78.3623
78.3609
78.2415
77.86
77.6304
77.4855
77.2967
77.2967
77.2962
77.2498
77.1495
78.5233
78.9082
77.1111
74.6776
73.8821
73.7013
73.7013
73.7013
73.7013
73.6994
73.5329
73.1101
72.9043
72.7964
72.615
72.6094
72.6084
72.5773
72.2387
71.7445
71.7054
71.7054
71.7054
71.7054
71.7054
71.705
71.7099
71.7064
71.5885
71.5688
71.5344
71.5314
71.5309
71.512
71.4569
71.4185
71.4136
71.0281
70.2342
70.199
70.199
70.199
70.199
70.199
70.199
70.199
70.199
70.199
70.199
70.199
70.199
70.199
70.199
70.196
69.9771
69.4729
69.4495
69.4493
69.4306
69.3982
69.3982
69.3982
69.3982
69.3982
69.3982
69.3982
69.3982
69.3982
69.3982
69.3982
69.3982
69.3982
69.3979
69.37
69.2203
69.032
69.032
69.032
69.032
69.032
69.032
69.032
69.032
69.032
69.032
69.032
69.0297
69.0256
69.0256
69.0256
69.0256
69.0256
69.0256
69.0256
69.0256
69.0256
69.0256
69.0256
69.0256
69.0256
69.0256
69.0256
69.0256
69.0256
69.0256
69.0256
69.0256
69.0256
69.0256
69.0256
69.0256
69.0256
69.0256
69.0256
69.0256
69.0256
69.0256
69.0256
69.0256
69.0254
71.5505
73.6356
71.3567
69.0534
68.9846
68.9846
68.9846
68.9846
68.9846
68.9846
68.9839
68.928
68.8337
68.8128
68.8128
68.8128
68.8128
68.8128
68.8128
68.8128
68.8128
68.8128
68.8128
68.8122
68.7602
68.5131
68.2386
68.2352
68.2352
68.2352
68.2352
68.2352
68.2352
68.2352
68.2352
68.2352
68.2352
68.2352
68.2352
68.2352
68.2352
68.2352
68.2352
68.2352
68.2352
68.2352
68.2352
68.2352
68.2352
68.2352
68.2352
68.2352
68.2352
68.2352
68.2352
68.2352
68.2352
68.2352
68.2352
68.2352
68.2352
68.2352
68.2352
68.2352
68.2352
68.2352
68.2352
68.2352
68.2352
68.2352
68.2352
68.2352
68.2352
68.2352
68.2352
68.2352
68.2352
68.2352
68.2352
68.2352
68.2352
68.2352
68.2352
68.2352
68.2352
68.2352
68.2352
68.2352
68.2352
68.2352
68.2352
68.2352
68.2352
68.2344
68.1692
67.9663
67.7946
67.7946
67.7946
67.7946
67.7946
67.7946
67.7946
67.7946
67.7946
67.7946
67.7946
67.7946
67.7946
67.7946
67.7946
67.7946
67.7946
67.7946
67.7946
67.7946
67.7946
67.7946
67.7946
67.7932
67.6462
67.4379
67.4379
67.4379
67.4379
67.4379
67.4379
67.4379
67.4379
67.4379
67.4379
67.4379
67.4379
67.4379
67.4379
67.4379
67.4379
67.4379
67.4379
67.4379
67.4379
67.4379
67.4379
67.4379
67.4379
67.4379
67.4379
67.4379
67.4379
67.4379
67.4379
67.4379
67.4379
67.4379
67.4379
67.4379
67.4379
67.4379
67.4379
