0.456646 0.456646 0
0.549323 0.502985 0.032766
0.422115 0.476028 0.0310096
0.555964 0.496012 0.0289899
0.494492 0.495708 0.0231935
0.479229 0.492961 0.0194899
0.510679 0.495493 0.0168691
0.490414 0.494858 0.0147724
0.557589 0.501828 0.0146837
0.547491 0.506394 0.0139072
0.48501 0.50445 0.0127781
0.534923 0.50699 0.0119629
0.503797 0.506744 0.0110452
0.51278 0.507175 0.0102647
0.481731 0.505479 0.00971949
0.555651 0.508615 0.00960456
0.514478 0.50896 0.00904577
0.484501 0.507601 0.00864469
0.509257 0.507688 0.00819014
0.462306 0.505419 0.00808886
0.484008 0.504399 0.00776767
0.486928 0.503605 0.00745508
0.484959 0.502794 0.00717489
0.512356 0.503193 0.00688698
0.530694 0.504293 0.00669878
0.512104 0.504593 0.00644787
0.53094 0.505569 0.00628246
0.5162 0.505949 0.00606955
0.523487 0.506554 0.00589031
0.505871 0.506531 0.00569401
0.482777 0.505764 0.00556165
0.47766 0.504886 0.00545676
0.548863 0.506219 0.0054517
0.451411 0.504607 0.00552455
0.485628 0.504065 0.00539325
0.49416 0.503789 0.00525045
0.542239 0.504829 0.00521037
0.494671 0.504561 0.00508011
0.502061 0.504497 0.00495025
0.470992 0.50366 0.00489685
0.508311 0.503773 0.00477873
0.506052 0.503827 0.00466526
0.505988 0.503878 0.00455704
0.474018 0.503199 0.00450371
0.49468 0.50301 0.00440761
0.492725 0.502786 0.00431746
0.487078 0.502452 0.00423851
0.495203 0.502301 0.0041529
0.513143 0.502522 0.00407404
0.485962 0.502191 0.004006
0.510024 0.502344 0.00393039
0.475333 0.501825 0.00388898
0.523029 0.502225 0.00383613
0.467855 0.501589 0.00381753
0.483036 0.501251 0.00376299
0.488321 0.50102 0.00370287
0.530949 0.501545 0.00367495
0.471785 0.501032 0.00364723
0.479938 0.500675 0.00360289
0.511448 0.500854 0.00354732
0.441333 0.499879 0.00362088
0.551037 0.500704 0.00365529
0.500251 0.500697 0.00359727
0.51593 0.500935 0.00354893
0.52214 0.501261 0.0035093
0.499915 0.50124 0.00345618
0.561616 0.502142 0.00352012
0.492184 0.501995 0.00347139
0.530104 0.502403 0.0034449
0.581747 0.503536 0.00357731
0.518958 0.503753 0.00353351
0.504167 0.503759 0.00348444
0.519898 0.50398 0.00344372
0.438149 0.50309 0.00351021
0.504743 0.503112 0.00346347
0.537156 0.50356 0.00344675
0.461589 0.503015 0.00344481
0.543925 0.50354 0.00344035
0.534726 0.503935 0.00341937
0.513359 0.504052 0.00337866
0.56076 0.504752 0.00340871
0.531974 0.505084 0.00338326
0.483539 0.504825 0.00335245
0.499713 0.504764 0.00331309
0.455667 0.504186 0.00332408
0.502583 0.504168 0.00328548
0.494515 0.504057 0.00324959
0.462267 0.503582 0.00324718
0.485822 0.503382 0.00321682
0.521479 0.503583 0.00318735
0.428118 0.502754 0.00325842
0.461501 0.502306 0.00325371
0.476362 0.502027 0.00323066
0.501018 0.502016 0.00319631
0.463345 0.501609 0.00318848
0.492972 0.501519 0.00315654
0.512576 0.501633 0.00312605
0.478882 0.501401 0.00310276
0.476484 0.501149 0.00308161
0.507658 0.501214 0.00305148
