1.06226 1.06226
0.898519 0.980392
1.13702 1.0326
0.897768 0.998894
1.01778 1.00267
1.03862 1.00866
0.989258 1.00589
1.00555 1.00585
0.917161 0.995994
0.92583 0.988977
1.0058 0.990506
0.938088 0.986138
0.984171 0.985987
0.988618 0.986175
1.02987 0.989088
0.897725 0.983378
0.992564 0.983918
1.01666 0.985737
0.986582 0.985782
1.04199 0.988592
1.03135 0.990628
1.0238 0.992136
1.02596 0.993606
0.977519 0.992936
0.946033 0.99106
0.988346 0.990955
0.940296 0.989079
0.977243 0.988656
0.969339 0.98799
0.983964 0.987856
1.02582 0.989081
1.02226 0.990118
0.911981 0.98775
1.06223 0.98994
1.03303 0.991172
1.0051 0.991558
0.936978 0.990083
1.00885 0.990577
1.00232 0.990878
1.03995 0.992105
0.9992 0.992278
0.992419 0.992282
1.00262 0.992522
1.03516 0.993491
1.0103 0.993865
1.0083 0.994179
1.02037 0.994736
1.00192 0.994885
0.964377 0.994263
1.01653 0.994708
0.982807 0.994475
1.03744 0.995301
0.961913 0.994671
1.04145 0.995537
1.03233 0.996206
1.00631 0.996387
0.934129 0.995295
1.05926 0.996398
1.04026 0.997141
0.96503 0.996606
1.09553 0.998228
0.912322 0.996842
0.991918 0.996764
1.00003 0.996815
0.957973 0.996217
0.99683 0.996227
0.872546 0.994381
1.00849 0.994588
0.950651 0.993951
0.871024 0.992195
0.976206 0.99197
0.985722 0.991883
0.9694 0.991575
1.10443 0.9931
1.00431 0.99325
0.941898 0.992574
1.08344 0.993754
0.938163 0.993042
0.932012 0.992269
0.971811 0.992013
0.897293 0.990844
0.952712 0.990379
1.02163 0.990755
1.0043 0.990917
1.09049 0.992088
0.992269 0.99209
1.02077 0.99242
1.08006 0.993416
1.05094 0.994062
0.968347 0.993776
1.12439 0.995212
1.06702 0.995992
1.04016 0.996467
1.00118 0.996517
1.0664 0.997253
1.02874 0.997581
0.98938 0.997496
1.04153 0.997946
1.0405 0.998376
0.954664 0.997939
