        0.188363         1.23506       0.0466868
        0.485127       -0.733403       -0.541477
       -0.407398       -0.171206         -1.0864
       -0.498128        0.917517            1.38
         1.34205        0.599171       -0.143539
       -0.223351        -1.58554        -1.82122
       -0.489654       -0.267391         -2.4208
        0.588895        -1.71605       -0.771156
        -1.25381       -0.113714       -0.715288
        0.889365       -0.156455       0.0870677
       -0.280668        0.068734         0.63613
       0.0444428        0.689341         1.54152
       0.0721402        0.902807          1.3087
        0.738049        0.940755         0.84145
        0.189673        -0.85236        0.690652
        0.312645        0.451315        0.562844
        0.450178         1.14934         0.41846
         0.12769         1.74063       0.0681911
        0.612522        0.518439         2.59179
        0.750296        0.243177       -0.207013
        -1.97454       -0.989392         1.37232
        0.744233        -1.03041        0.316648
         0.97135        -1.22147       -0.141128
       -0.680101         0.36374        0.619477
       -0.470347         1.21729        -1.06114
        0.233471       -0.530025        0.837755
        0.763672        0.716346       -0.968616
         1.30759       -0.217866         1.16225
       -0.974445        0.690922       -0.878315
         1.33172         1.49256        -1.10621
       -0.615986        0.652026        0.252765
        -1.36681        0.572045       -0.446859
       -0.480507        0.175315        0.450011
       -0.459223       -0.978757       -0.352791
        0.582137         -0.3235        0.339804
        0.697884        -1.41659       -0.214864
        0.548715        -0.16323        -1.05619
        0.348033        -1.20318         1.68089
         0.58569        0.961823       0.0429024
        0.689509        -0.50395        0.332146
         1.39507        -1.21202        0.494147
       -0.780639        0.203623       -0.638142
        -1.01363        -1.14333        -1.99406
        -0.58526        0.467049         1.98216
       -0.332676        0.719174       -0.999616
        0.036648         1.15445         1.97767
       -0.300457       0.0632921         2.17078
        -1.09677         1.18147       -0.137175
        0.875423        -1.30788       -0.375241
         1.41579       -0.417094        0.773859
        -1.18066        0.963856        -2.16147
         1.17892        0.145984        0.817607
         1.58505        -1.62723         0.86641
        0.332199         1.62958         1.10217
         1.17082       -0.157571        -1.93904
         1.33045        -1.23415        -1.77128
        -1.31084        -2.20166       -0.653854
       -0.369965        0.942932       -0.140094
       -0.990388       0.0117324        -1.94653
         2.23506         1.23676       -0.734501
         1.26433         1.40434         0.71513
        -4.07219         2.11396         1.55552
         1.12529       -0.418472        -2.12193
       0.0920435       -0.577427       0.0563372
        -1.76221         1.04127       -0.470607
       0.0574228         1.25154         -1.3871
       -0.326284        0.184536        0.873311
       -0.906933        0.913864       -0.348355
        -0.95876       -0.397946        0.595614
        0.314625        -2.37937       -0.256566
        -2.43797       -0.353496        -2.21569
        0.171577         1.98729       -0.912247
        0.785664       -0.330321        -1.16385
       -0.353165        -2.50361        0.872617
         0.30282        -2.62224       -0.118068
       -0.251301       -0.591261       -0.969486
        -1.68563        0.287664       -0.841769
        0.929745         1.47272        0.616287
       -0.368837       -0.148366        0.960497
       -0.930386       -0.423101       -0.274552
        0.244945       -0.756868        0.572925
         1.01682       -0.613592        0.337326
           -2.58        0.575021        0.744629
         2.60699        0.126813        0.617339
      -0.0222493       -0.347512         1.05541
        -1.18834      -0.0371638        -0.46407
       -0.359564       -0.952434       -0.383787
        0.193554        0.629987        0.909991
      -0.0271995        0.806074        -0.37568
         1.29288       -0.654714         0.84833
       -0.507303       -0.408721        0.921234
         1.40924        -3.11888        -1.25608
       -0.173314        0.751133        0.998611
        -1.85038       -0.262014         0.39411
         1.16449         1.39215        0.133439
        0.023633        0.609672        -1.67222
        0.995359       -0.273649         -1.5892
       -0.780201       -0.332623        -1.22088
          2.1923       -0.410414         1.39422
       -0.172434         1.03375       -0.154396
       -0.178647        0.912552        0.512812
          1.1399        -1.62872       -0.231069
        -1.66711       -0.731003       -0.542286
      -0.0174883        0.192396        0.132548
       -0.375252         1.74725       -0.325501
        0.266748        0.954739       0.0290388
        -1.23836       -0.653574         2.12251
        -1.41349     -0.00407109        0.984341
