450.956
425.58
404.891
388.787
379.384
368.727
354.086
347.87
340.373
332.786
326.02
318.404
313.72
309.188
300.048
291.372
284.788
278.496
270.229
263.409
261.626
251.073
252.501
251.923
245.882
243.945
242.827
237.482
228.395
227.184
224.903
223.068
221.487
217.603
210.95
209.719
208.288
205.476
203.229
200.236
198.489
183.36
182.844
181.333
180.873
177.418
175.611
175.029
174.313
173.198
172.106
170.843
170.651
169.493
168.621
167.536
165.577
163.459
161.543
159.874
157.169
153.123
152.445
151.984
151.015
150.151
147.738
147.606
147.01
146.942
146.468
145.442
144.968
143.761
142.822
140.81
138.877
137.808
136.396
136.216
135.66
130.928
130.928
130.928
126.963
126.106
125.476
123.885
123.163
123.067
122.747
120.143
119.748
118.705
118.127
117.314
111.674
110.771
110.16
109.977
109.977
108.575
107.295
106.171
104.061
103.605
102.75
102.27
100.959
100.889
100.298
100.298
100.09
99.1486
97.692
96.4731
96.4731
95.7031
95.5005
94.4704
94.1439
93.9414
93.8627
92.641
91.9368
91.4658
91.4057
91.1853
90.8667
90.2046
89.9568
89.3155
89.3155
89.3155
89.3155
88.7422
88.6209
88.3628
88.2415
88.2415
88.1534
88.0321
88.0321
87.6808
87.6808
87.1596
86.7796
86.6333
86.6156
86.264
85.9932
85.8469
85.2167
85.2167
84.696
84.696
84.4904
84.4904
84.4904
84.2669
84.0613
84.0613
84.0613
84.0613
84.0613
84.0613
84.0613
83.7183
83.7183
83.7183
83.7183
83.7183
83.3572
83.3572
83.3572
83.3572
83.3572
83.3572
83.3572
83.3572
83.3572
80.5562
80.5562
80.4326
80.4326
80.4326
80.3774
80.0229
78.0749
78.0749
78.0749
78.0749
78.0749
78.0749
78.0749
78.0749
77.6845
77.6845
77.6845
77.6845
77.6845
77.4578
77.4578
77.4578
77.4578
77.4578
77.4578
77.0423
76.6429
76.6429
76.6429
76.6429
76.6429
76.6429
76.416
76.416
76.416
76.416
76.416
76.416
76.416
75.1306
75.1306
74.9037
74.9037
74.9037
74.9037
74.9037
74.9037
74.9037
74.786
74.786
74.786
74.786
74.786
74.786
74.786
74.4326
74.4326
74.4326
74.3035
74.3035
74.3035
74.3035
74.3035
74.3035
73.6782
73.6782
73.6782
73.5674
73.5674
73.5674
73.5674
73.5674
73.5674
73.5674
73.5674
73.5674
73.5674
73.434
73.434
71.4582
71.4582
71.4582
71.4582
71.4582
71.4582
71.4582
71.4582
71.4582
71.4582
71.4582
71.4582
71.4582
71.4582
70.7088
70.7088
70.7088
70.7088
70.7088
70.7088
70.1925
70.1925
70.1925
70.1925
70.1925
70.1925
70.1925
70.1925
70.1925
70.1925
70.1925
70.1925
70.0167
69.9768
69.8009
69.8009
69.8009
69.8009
69.8009
69.8009
69.3982
69.3982
69.3601
69.3601
69.3601
69.3601
69.3601
69.3601
69.3601
68.9846
68.9846
68.9846
68.9846
68.9846
68.9846
68.9846
68.9846
68.9846
68.9846
68.9846
68.8348
68.8348
68.8348
68.8348
68.8348
68.8348
68.8348
68.8348
68.8348
68.8348
68.8348
68.8348
68.8348
68.8348
68.8348
68.8348
68.8348
68.8348
68.8348
68.8348
68.4836
68.4836
68.4836
68.4836
68.4836
68.4836
68.4836
68.4836
68.4836
68.4836
68.4836
68.4836
68.4836
68.4836
68.4836
68.4836
68.4836
68.4836
68.4836
68.4836
68.4836
68.4836
68.4836
68.4836
68.4836
68.4836
68.4836
68.4836
68.4836
68.4836
68.4836
68.4836
68.4836
68.4836
68.4836
68.4836
68.4836
68.4836
68.4836
68.4836
68.4836
68.4836
68.4836
68.4836
68.4836
68.4836
68.4836
68.4836
68.4836
68.4836
68.4836
68.4836
68.4836
68.4836
68.4836
68.4836
68.4836
68.4836
68.4836
68.4836
68.2352
68.2352
68.2352
68.2352
68.2352
68.2352
68.2352
68.2352
68.2352
68.2352
68.2352
68.2352
68.2352
68.2352
68.2352
68.2352
68.2352
68.2352
68.2352
68.2352
68.2352
68.2352
68.2352
68.2352
67.8785
67.8785
67.8785
67.8785
67.8785
67.8785
67.8785
67.8785
67.8785
67.8785
67.8785
67.8785
67.8785
67.8785
67.8785
67.8785
67.8785
67.8785
67.8785
67.8785
67.8785
67.8785
67.8785
67.8785
67.8785
67.8785
67.8785
67.8785
67.8785
67.8785
67.8785
67.8785
67.8785
67.8785
67.8785
67.8785
67.7946
67.4379
67.4379
67.4379
67.4379
67.4379
67.4379
67.4379
67.4379
67.4379
67.4379
67.4379
67.4379
67.4379
67.4379
67.4379
67.0195
67.0195
67.0195
67.0195
67.0195
67.0195
67.0195
66.9394
66.9394
66.9394
66.9394
66.9394
66.9394
66.9394
66.9394
66.9394
66.9394
66.9394
66.9394
66.9394
66.9394
66.9394
66.9394
66.9394
