492.266
462.581
441.208
415.712
397.242
384.525
376.107
361.94
351.879
345.057
336.89
330.332
324.192
317.461
312.27
304.062
294.931
288.407
281.51
275.8
268.875
263.448
262.846
259.06
253.725
251.405
248.321
244.732
240.303
231.696
227.773
226.789
224.833
222.689
219.424
215.242
211.554
209.461
207.254
205.19
202.163
199.717
198.648
194.141
184.802
181.537
179.998
177.189
175.669
174.81
173.87
172.815
171.87
170.926
170.281
169.417
168.298
166.845
165.444
163.082
161.513
159.282
158.624
158.542
155.191
152.762
153.304
150.123
148.2
147.456
147.078
146.777
146.235
145.474
144.341
143.254
142.316
141.3
140.427
139.321
138.061
136.58
139.308
138.816
132.012
129.202
126.639
125.766
124.673
123.664
123.169
122.902
121.426
120.074
119.42
118.49
118.495
117.046
112.32
110.646
110.099
109.982
111.088
109.107
106.939
105.264
103.863
103.128
102.869
101.727
100.962
100.771
100.386
100.264
100.63
99.0627
97.7044
96.6577
96.2251
95.6448
95.0726
94.267
94.0406
93.8999
93.4017
92.3056
91.7319
91.4532
91.3204
91.0559
90.5752
90.0656
89.6871
89.3155
89.3155
89.3128
89.1266
88.6968
88.5349
88.2867
88.2411
88.1947
88.0545
88.0307
87.9269
87.7286
87.4638
87.0052
86.7369
86.6228
86.3809
86.1082
85.9138
85.5902
85.213
85.0124
84.6957
84.6228
84.4904
84.4895
84.4132
84.1509
84.0613
84.0613
84.0613
84.0613
84.0613
84.0599
83.9383
83.7183
83.7183
83.7183
83.7169
83.6128
83.3801
83.3572
83.3572
83.3572
83.3572
83.3572
83.3572
83.346
83.8467
84.3169
82.1464
80.4534
80.4324
80.4111
80.2366
81.4444
81.8875
80.3839
78.0749
78.0749
78.0749
78.0749
78.0733
77.9297
77.6845
77.6845
77.6845
77.6836
78.5631
81.0307
80.3286
77.978
77.4578
77.4561
77.3061
76.8972
76.6429
76.6429
76.6429
76.6429
76.642
76.5658
76.416
76.416
76.416
76.416
76.416
76.4108
76.069
75.2566
75.0611
74.9136
74.9037
74.9037
74.9037
74.9037
74.9032
74.8589
74.786
74.786
74.786
74.786
74.786
74.7846
74.6745
74.4326
74.432
74.3856
74.3035
74.3035
74.3035
74.3035
74.301
74.0609
73.6782
73.6778
73.6388
73.5674
73.5674
73.5674
73.5674
73.5674
73.5674
73.5674
73.5674
73.5669
73.5204
73.4314
74.6557
76.4582
73.317
71.4591
71.4582
71.4582
71.4582
71.4582
71.4582
71.4582
71.4582
71.4582
71.4582
71.4552
71.1927
70.7149
70.7088
70.7088
70.7088
70.7067
71.753
73.7117
74.1194
72.6475
70.5558
70.1925
70.1925
70.1925
70.1925
70.1925
70.1925
70.1918
70.1304
70.0147
69.8892
69.8009
69.8009
69.8009
69.8009
69.7993
72.2917
73.112
73.9094
72.0743
69.4006
69.3601
69.3601
69.3601
69.3586
69.24
68.9846
68.9846
68.9846
68.9846
68.9846
68.9846
68.9846
68.9846
68.9846
68.984
70.3745
72.4287
72.5647
69.5313
68.8348
68.8348
68.8348
68.8348
68.8348
68.8348
68.8348
68.8348
68.8348
68.8348
68.8348
68.8348
68.8348
68.8348
68.8348
68.8334
68.7326
68.5139
68.4836
68.4836
68.4836
68.4836
68.4836
68.4836
68.4836
68.4836
68.4836
68.4836
68.4836
68.4836
68.4836
68.4836
68.4836
68.4836
68.4836
68.4836
68.4836
68.4836
68.4836
68.4836
68.4836
68.4836
68.4836
68.4836
68.4836
68.4836
68.4836
68.4836
68.4836
68.4836
68.4836
68.4836
68.4836
68.4836
68.4836
68.4836
68.4836
68.4836
68.4836
68.4836
68.4836
68.4836
68.4836
68.4836
68.4836
68.4836
68.4836
68.4836
68.4836
68.4836
68.4836
68.4836
68.4836
68.4836
68.4836
68.4826
69.2383
71.5522
72.4679
70.8365
68.2352
68.2352
68.2352
68.2352
68.2352
68.2352
68.2352
68.2352
68.2352
68.2352
68.2352
68.2352
68.2352
68.2352
68.2352
68.2352
68.2352
68.2352
68.2352
68.2337
68.1239
67.8898
67.8785
67.8785
67.8785
67.8785
67.8785
67.8785
67.8785
67.8785
67.8785
67.8785
67.8785
67.8785
67.8785
67.8785
67.8785
67.8785
67.8785
67.8785
67.8785
67.8785
67.8785
67.8785
67.8785
67.8785
67.8785
67.8785
67.8785
67.8785
67.8785
67.8785
67.8785
67.8785
67.8785
67.8782
67.7971
67.4719
67.4379
67.4379
67.4379
67.4379
67.4379
67.4379
67.4379
67.4379
67.4379
67.4379
67.4379
67.4379
67.4379
67.4363
67.3097
67.0369
67.0195
67.0195
67.0195
67.0195
67.0191
66.9922
66.941
66.9394
66.9394
66.9394
66.9394
66.9394
66.9394
66.9394
66.9394
66.9394
66.9394
66.9394
66.9394
66.9394
66.9394
