19.9457 0 6.01033 0 14.3276 0 5.80127 0
16.3919 2.51292 5.25373 0.534996 14.0616 0.188042 5.07533 0.513323
16.2222 1.45743 5.35789 0.320375 13.8356 0.214127 5.50412 0.458702
15.5931 1.16574 5.29209 0.233597 15.0358 1.05037 5.1391 0.452913
16.4741 1.19848 5.25883 0.183372 14.0865 1.17596 5.18511 0.353231
16.8857 1.0482 5.49348 0.261343 14.5468 1.0481 5.31989 0.313558
16.4848 0.960487 5.59948 0.241695 14.8078 0.918174 5.28699 0.266749
16.755 0.869363 5.62147 0.210322 15.2637 0.9023 5.54185 0.331963
16.451 0.818541 5.48628 0.225055 15.2405 0.796055 5.54671 0.2928
16.4449 0.732148 5.42248 0.210199 14.8683 0.794767 5.56994 0.262814
16.3979 0.663763 5.30875 0.21888 14.6983 0.736945 5.59251 0.238696
16.0253 0.703184 5.29679 0.200137 14.8911 0.697601 5.49088 0.238637
15.7978 0.682757 5.27181 0.185657 15.0438 0.658266 5.59583 0.241566
15.6543 0.647063 5.27711 0.171961 14.9173 0.621506 5.68034 0.23801
15.8563 0.6332 5.23376 0.165473 15.1151 0.609311 5.65943 0.222494
16.0305 0.615857 5.17736 0.164137 15.1979 0.575577 5.60129 0.215604
16.0715 0.579864 5.17316 0.154234 15.0409 0.561707 5.57105 0.204637
16.0302 0.548174 5.20152 0.148002 14.8685 0.555445 5.59364 0.194178
15.8704 0.541353 5.17556 0.142258 15.0375 0.550534 5.54834 0.188893
15.9958 0.527935 5.15755 0.136094 14.8661 0.548351 5.59065 0.183883
15.9499 0.504166 5.20468 0.137377 14.8522 0.521762 5.52815 0.185238
15.9309 0.48106 5.23543 0.134386 14.8979 0.499483 5.44921 0.192722
15.8787 0.462494 5.24452 0.128717 14.8125 0.484532 5.51222 0.194188
15.9694 0.451606 5.2125 0.127159 14.9213 0.475969 5.45364 0.194563
15.834 0.453007 5.24577 0.126247 14.8561 0.460974 5.4793 0.188305
15.6918 0.457043 5.25023 0.121373 14.9233 0.447758 5.4633 0.181597
15.6145 0.446278 5.24519 0.116896 14.852 0.436503 5.49891 0.178202
15.4479 0.460109 5.26114 0.113728 14.8924 0.422495 5.50635 0.171875
15.4461 0.443963 5.22312 0.115922 14.9095 0.408012 5.50343 0.165868
15.4776 0.430021 5.24559 0.11415 15.0549 0.419303 5.51489 0.160639
15.4154 0.420394 5.21829 0.113625 14.9878 0.410898 5.50899 0.155479
15.4926 0.414079 5.2395 0.11198 15.0727 0.406539 5.46936 0.155513
15.4439 0.40419 5.24423 0.108634 15.0393 0.395396 5.47979 0.151077
15.5103 0.397549 5.22633 0.106855 15.1083 0.389571 5.47357 0.146694
15.5896 0.393852 5.26875 0.111864 15.1666 0.382609 5.48417 0.142823
15.5545 0.384321 5.26686 0.108728 15.2487 0.380535 5.45989 0.140848
15.5093 0.37644 5.27443 0.106012 15.199 0.373332 5.48329 0.138919
15.5188 0.366521 5.3059 0.107755 15.1357 0.368714 5.46019 0.137121
15.4554 0.362448 5.32367 0.106412 15.1818 0.362007 5.47673 0.134554
15.5032 0.356412 5.30935 0.104677 15.188 0.352894 5.46765 0.131453
15.5314 0.348724 5.35057 0.10991 15.3212 0.368453 5.45798 0.128562
15.4471 0.350364 5.36704 0.108488 15.2451 0.367352 5.43694 0.127174
15.3655 0.351494 5.37706 0.106398 15.2513 0.35876 5.435 0.124196
15.39 0.344266 5.36814 0.104326 15.2004 0.354095 5.43244 0.121367
15.3027 0.347417 5.36496 0.10203 15.1852 0.346465 5.41804 0.11949
15.3207 0.340243 5.35469 0.100302 15.1586 0.339869 5.41823 0.116864
15.3174 0.332941 5.37164 0.0995678 15.1716 0.332809 5.39616 0.116417
15.3294 0.326148 5.39026 0.0991971 15.142 0.327119 5.37725 0.115493
15.3652 0.32138 5.39906 0.097541 15.1505 0.320484 5.40591 0.116614
15.45 0.325881 5.38965 0.0960235 15.0877 0.320098 5.38736 0.115723
15.4667 0.319853 5.40488 0.0953233 15.1027 0.314108 5.39668 0.113806
15.4469 0.314252 5.42624 0.0958351 15.1135 0.308195 5.42422 0.11488
15.4981 0.312409 5.43743 0.0946611 15.1581 0.305524 5.42101 0.112737
15.4506 0.310154 5.43381 0.0929608 15.1028 0.304771 5.42507 0.110702
15.4882 0.306736 5.42897 0.0913809 15.0715 0.30078 5.41227 0.109408
15.4397 0.305022 5.45008 0.0921406 15.07 0.295363 5.40364 0.107777
15.3995 0.302263 5.46787 0.0922113 15.0033 0.297577 5.42107 0.107269
15.4134 0.297324 5.45645 0.0913124 15.0265 0.2933 5.42333 0.105427
15.3902 0.29314 5.49207 0.0964509 15.0138 0.288558 5.42121 0.103646
15.4151 0.289266 5.46697 0.098043 15.0224 0.283835 5.42197 0.101907
15.4059 0.28463 5.46145 0.0965775 15.0224 0.279143 5.42774 0.100385
15.3548 0.284557 5.49175 0.0996481 15.048 0.275777 5.45963 0.103696
15.3813 0.281235 5.48158 0.0985709 15.0568 0.271505 5.4727 0.102857
15.3977 0.277286 5.48381 0.0970436 15.0275 0.268808 5.46802 0.101343
15.3964 0.27299 5.47138 0.0963317 14.9729 0.270117 5.46764 0.0997727
15.3476 0.273148 5.45454 0.0963222 14.9258 0.270065 5.48021 0.0990381
15.3279 0.269749 5.47058 0.0962012 14.9819 0.271762 5.46645 0.0985009
15.3739 0.269636 5.47151 0.0947804 14.924 0.273831 5.46708 0.0970436
15.3447 0.267274 5.46005 0.0940872 14.8996 0.270924 5.46975 0.0956634
15.3114 0.265501 5.45041 0.0932261 14.9623 0.274188 5.4726 0.0943295
15.3036 0.261849 5.45309 0.0919422 14.9781 0.270756 5.47622 0.0930609
15.2788 0.259352 5.43537 0.0923473 14.9527 0.268165 5.47634 0.0917594
15.2748 0.255806 5.45027 0.0922675 14.9294 0.265475 5.4663 0.0910417
15.2461 0.253936 5.44323 0.0912807 14.9369 0.26197 5.46418 0.0898275
15.2279 0.251174 5.43524 0.0904043 14.9416 0.258495 5.46547 0.088631
15.2297 0.247853 5.44133 0.0894116 14.9743 0.25713 5.46745 0.0874789
15.2361 0.244695 5.44199 0.0882452 14.9728 0.253773 5.45761 0.0868862
15.2414 0.241595 5.44456 0.087144 14.9523 0.251327 5.4595 0.0857855
15.2675 0.239925 5.452 0.0863512 14.9925 0.251314 5.44877 0.0853614
15.2204 0.241486 5.45153 0.0852663 14.9747 0.248777 5.46446 0.0857175
15.2293 0.23865 5.4469 0.0843325 14.9679 0.245781 5.42812 0.0920356
15.2311 0.235728 5.44764 0.083301 15.0483 0.255595 5.41313 0.0921181
15.234 0.232889 5.45377 0.0825168 15.0807 0.254545 5.4142 0.0910077
15.1902 0.234187 5.44908 0.0816617 15.0866 0.251563 5.41427 0.0899178
15.1929 0.231431 5.43562 0.0817981 15.092 0.248645 5.3982 0.0902774
15.1901 0.228741 5.43967 0.0809415 15.1121 0.246548 5.39359 0.0893394
15.2212 0.228199 5.41607 0.0833736 15.118 0.243767 5.4133 0.0904544
15.205 0.226161 5.41838 0.0824525 15.0889 0.242704 5.41068 0.0894585
15.1775 0.22528 5.40643 0.0823822 15.0674 0.240913 5.40688 0.0885285
15.1806 0.222784 5.39982 0.0817263 15.0865 0.238971 5.40373 0.087595
15.1886 0.220468 5.40202 0.0808528 15.068 0.237044 5.39841 0.0867889
15.1963 0.218192 5.40003 0.0799935 15.0547 0.234825 5.40003 0.0858556
15.2042 0.215975 5.39713 0.0791812 15.0068 0.23712 5.40705 0.0852135
15.2117 0.213796 5.40618 0.0788494 15.0086 0.234591 5.42505 0.086183
15.1993 0.211892 5.40276 0.0780891 15.011 0.23212 5.4199 0.0854246
15.2075 0.20983 5.39267 0.0779205 15.0029 0.229828 5.41393 0.0847386
15.1998 0.207797 5.38127 0.0779428 15.0103 0.227565 5.40759 0.0840969
15.2433 0.210179 5.40266 0.0800238 15.0069 0.225257 5.41348 0.0834404
15.2672 0.209399 5.40744 0.0793542 14.9954 0.22326 5.41376 0.0825937
15.263 0.207337 5.41563 0.0789787 15.0096 0.221464 5.41062 0.0818232
