2 0.614442 0.774697 -0.437429 0.0030793
1.994 0.656637 0.805137 -0.434072 0.00423795
1.98802 0.656344 0.760779 -0.431274 0.00285594
1.98205 0.695941 0.794186 -0.402923 0.00533914
1.97611 0.701504 0.815101 -0.397259 0.00524547
1.97018 0.652033 0.777126 -0.436046 0.00293377
1.96427 0.6889 0.764574 -0.416512 0.00382398
1.95838 0.703994 0.813488 -0.39748 0.00511181
1.9525 0.668751 0.768505 -0.429619 0.00315906
1.94664 0.665396 0.760234 -0.42583 0.00341772
1.9408 0.641666 0.766579 -0.441252 0.00289057
1.93498 0.690462 0.776331 -0.416773 0.0036989
1.92918 0.652465 0.776072 -0.436974 0.00246141
1.92339 0.632735 0.809195 -0.444954 0.00268884
1.91762 0.611321 0.767753 -0.440454 0.00228299
1.91187 0.5982 0.779731 -0.443945 0.00230728
1.90613 0.625927 0.806566 -0.442069 0.00295273
1.90041 0.582631 0.791326 -0.441035 0.00264464
1.89471 0.574099 0.790247 -0.42792 0.00273319
1.88903 0.524292 0.811959 -0.353775 0.00483997
1.88336 0.572058 0.788946 -0.426498 0.00280993
1.87771 0.618175 0.740841 -0.434235 0.00210459
1.87208 0.666051 0.785687 -0.436185 0.00346448
1.86646 0.710647 0.821378 -0.381166 0.00626933
1.86086 0.697004 0.840544 -0.400396 0.00544772
1.85528 0.704595 0.844593 -0.384298 0.00561794
1.84971 0.741886 0.817285 -0.35573 0.00709825
1.84416 0.72045 0.772249 -0.381808 0.00648591
1.83863 0.754017 0.778652 -0.351264 0.00682485
1.83311 0.745556 0.786023 -0.353226 0.00638513
1.82762 0.774729 0.823473 -0.296274 0.00952443
1.82213 0.750062 0.823601 -0.339584 0.00803716
1.81667 0.750484 0.812091 -0.345746 0.00694648
1.81122 0.754501 0.818134 -0.336097 0.00827732
1.80578 0.744791 0.773353 -0.36102 0.00630395
1.80036 0.759364 0.738001 -0.359775 0.00627339
1.79496 0.729771 0.764902 -0.37405 0.00679331
1.78958 0.706718 0.796887 -0.402919 0.00470372
1.78421 0.672876 0.779868 -0.426832 0.0033874
1.77886 0.641797 0.792286 -0.435001 0.00329146
1.77352 0.691441 0.804861 -0.404799 0.00528994
1.7682 0.687231 0.831965 -0.398799 0.0057582
1.7629 0.710779 0.872035 -0.364942 0.00656278
1.75761 0.707202 0.84631 -0.367346 0.00711814
1.75233 0.658685 0.839337 -0.42616 0.00432978
1.74708 0.671533 0.808801 -0.423284 0.00447984
1.74184 0.676144 0.843107 -0.400064 0.00566367
1.73661 0.660973 0.873164 -0.401101 0.00510784
1.7314 0.648722 0.865177 -0.410651 0.00550586
1.72621 0.656514 0.893235 -0.394474 0.00473791
1.72103 0.655646 0.935968 -0.360111 0.0056132
1.71586 0.687651 0.955098 -0.288954 0.00805394
1.71072 0.711544 0.918939 -0.299619 0.00911895
1.70559 0.662109 0.945126 -0.337226 0.0073796
1.70047 0.63449 0.972447 -0.308067 0.00648929
1.69537 0.627652 0.963712 -0.323586 0.0060041
1.69028 0.593495 0.980854 -0.307088 0.0051217
1.68521 0.587933 0.969507 -0.318843 0.00469122
1.68015 0.599007 0.950318 -0.348651 0.00438824
1.67511 0.575029 0.926542 -0.361988 0.00361939
1.67009 0.556503 0.938388 -0.331029 0.00366863
1.66508 0.519719 0.911014 -0.292868 0.00518434
1.66008 0.505291 0.864436 -0.282668 0.00598179
1.6551 0.505291 0.864436 -0.282668 0.00598179
1.65014 0.495586 0.825742 -0.269953 0.00706531
1.64519 0.492297 0.873451 -0.241006 0.00701774
1.64025 0.527786 0.903044 -0.322354 0.00464365
1.63533 0.511436 0.902999 -0.269808 0.00548376
1.63042 0.485257 0.935572 -0.161157 0.00693558
1.62553 0.533542 0.916351 -0.323444 0.00450393
1.62066 0.561999 0.959258 -0.324598 0.00365982
1.61579 0.533197 0.941821 -0.291436 0.00425808
1.61095 0.564159 0.987823 -0.278645 0.00374274
1.60611 0.533305 0.988789 -0.23738 0.00404266
1.6013 0.557973 1.02895 -0.210366 0.00438232
1.59649 0.538572 0.982538 -0.254701 0.00408306
1.5917 0.552583 1.01815 -0.226432 0.004285
1.58693 0.565586 1.06477 -0.15211 0.00476879
1.58217 0.572338 1.01602 -0.239901 0.00467616
1.57742 0.540751 1.04541 -0.166292 0.00426456
1.57269 0.530662 1.03468 -0.172595 0.0040893
1.56797 0.545297 1.06329 -0.128217 0.00438173
1.56327 0.501324 1.0379 -0.095021 0.00467654
1.55858 0.500367 1.02916 -0.103017 0.00499808
1.5539 0.459115 1.00847 0.00409505 0.00775421
1.54924 0.423979 0.961888 0.152074 0.011319
1.54459 0.443811 1.0102 0.0643557 0.00877184
1.53996 0.468779 1.0246 -0.0166023 0.00666583
1.53534 0.447623 1.02035 0.0578275 0.00820057
1.53073 0.414299 1.04848 0.282112 0.0103881
1.52614 0.428899 1.06006 0.20781 0.00915575
1.52156 0.448546 1.06373 0.101326 0.00743259
1.517 0.448546 1.06373 0.101326 0.00743259
1.51245 0.47058 1.04612 0.0138746 0.00644946
1.50791 0.507637 1.09563 -0.0140764 0.00431842
1.50338 0.542407 1.11989 0.00210704 0.00583336
1.49887 0.577752 1.09503 -0.0793002 0.00627487
1.49438 0.569467 1.07073 -0.126629 0.00584814
1.48989 0.618672 1.076 -0.112934 0.00803263
1.48542 0.650739 1.06863 -0.0866679 0.0107387
1.48097 0.693578 1.09201 0.025733 0.0133272
1.47653 0.675556 1.0634 -0.0632156 0.011048
1.4721 0.672384 1.06251 -0.0867166 0.0111073
1.46768 0.676283 1.05855 -0.0827416 0.0110606
1.46328 0.709845 1.04402 -0.0634269 0.0141263
1.45889 0.758305 1.0743 0.146811 0.0174093
1.45451 0.756092 1.11627 0.294253 0.0201814
1.45015 0.735635 1.10214 0.182999 0.0164929
1.4458 0.753028 1.09788 0.184658 0.0174095
1.44146 0.79462 1.05849 0.200357 0.0188086
1.43713 0.76872 1.07509 0.153314 0.0182073
1.43282 0.807753 1.10883 0.478206 0.0259933
1.42852 0.822096 1.09694 0.457666 0.0268178
1.42424 0.858697 1.127 0.673267 0.0306396
1.41997 0.885075 1.15787 0.988686 0.038575
1.41571 0.8729 1.20055 1.27073 0.0393945
1.41146 0.910471 1.23013 1.63413 0.0480223
1.40722 0.958635 1.27599 2.25495 0.0601328
1.403 0.941652 1.22713 1.70061 0.0470904
1.39879 0.98003 1.23266 2.00975 0.0555325
1.3946 0.952934 1.2067 1.6186 0.0480776
1.39041 0.946982 1.21555 1.70349 0.0638233
1.38624 0.915919 1.20495 1.48063 0.0469294
1.38208 0.910419 1.23966 1.60426 0.0474558
1.37794 0.866402 1.19748 1.14704 0.0347069
1.3738 0.84437 1.1833 0.929815 0.0296837
1.36968 0.840313 1.13589 0.687972 0.032293
1.36557 0.867314 1.16885 0.934045 0.0323954
1.36148 0.866242 1.14245 0.797645 0.0316556
1.35739 0.82616 1.12574 0.589201 0.0300767
1.35332 0.818011 1.16379 0.748242 0.0290723
1.34926 0.809799 1.17712 0.70644 0.027597
1.34521 0.826564 1.18726 0.892895 0.0327914
1.34118 0.814428 1.16608 0.706173 0.028248
1.33715 0.78302 1.12955 0.411945 0.0235514
1.33314 0.774218 1.16168 0.555767 0.0236308
1.32914 0.738847 1.15873 0.433557 0.0209608
1.32516 0.748491 1.18602 0.561813 0.0225232
1.32118 0.785611 1.19211 0.767639 0.0286396
1.31722 0.7599 1.18801 0.628849 0.0264248
1.31326 0.716096 1.18796 0.503653 0.0205293
1.30932 0.681267 1.22584 0.573326 0.0200354
1.3054 0.644356 1.18875 0.303252 0.0165645
1.30148 0.604828 1.19857 0.268249 0.0113789
1.29758 0.605408 1.16727 0.142798 0.00986812
1.29368 0.594572 1.12777 0.030362 0.00936078
1.2898 0.616904 1.09455 -0.0592058 0.00884657
1.28593 0.659572 1.11203 0.0386066 0.0127171
1.28207 0.65868 1.1472 0.177374 0.013491
1.27823 0.670923 1.19672 0.404767 0.0174992
1.27439 0.627631 1.14826 0.112059 0.0112866
1.27057 0.588491 1.10208 -0.0573357 0.00730784
1.26676 0.575743 1.11683 -0.0113317 0.00818016
1.26296 0.602641 1.14803 0.0899105 0.00905434
1.25917 0.59587 1.11726 -0.0159481 0.00845849
1.25539 0.550972 1.12119 -0.00929598 0.00564799
1.25163 0.565475 1.12503 -0.0120886 0.00631294
1.24787 0.609988 1.12754 0.0368387 0.0101027
1.24413 0.623651 1.08335 -0.0856077 0.00891244
1.2404 0.643481 1.07061 -0.106092 0.00963132
1.23667 0.665514 1.11363 0.046512 0.0123017
1.23296 0.650686 1.08486 -0.054852 0.0104868
1.22927 0.686957 1.09912 0.0569 0.0138567
1.22558 0.686957 1.09912 0.0569 0.0138567
1.2219 0.709379 1.07969 0.0307165 0.0135
1.21824 0.663823 1.09667 0.0124034 0.0122765
1.21458 0.644573 1.047 -0.163713 0.00926448
1.21094 0.685229 1.02757 -0.15187 0.0101726
1.2073 0.682266 1.04008 -0.13775 0.010594
1.20368 0.682266 1.04008 -0.13775 0.010594
1.20007 0.646077 1.07242 -0.0969268 0.00995662
1.19647 0.636063 1.04105 -0.173433 0.00801191
1.19288 0.652696 1.01496 -0.20351 0.0097243
1.1893 0.651387 1.00747 -0.248462 0.0073251
1.18573 0.696148 1.05639 -0.0461379 0.012216
1.18218 0.679245 1.08896 0.000888837 0.0117954
1.17863 0.679245 1.08896 0.000888837 0.0117954
1.1751 0.699554 1.06646 -0.0264947 0.0129751
1.17157 0.683106 1.03084 -0.167734 0.00979438
1.16806 0.713712 1.04812 -0.0615308 0.014579
1.16455 0.697604 1.04033 -0.0888654 0.0120594
1.16106 0.699511 1.06575 -0.0233148 0.013455
1.15757 0.660022 1.06372 -0.118416 0.0100108
1.1541 0.647459 1.10739 0.00150807 0.0106061
1.15064 0.60041 1.15246 0.101739 0.00987186
1.14719 0.576302 1.10296 -0.0589874 0.00611705
1.14375 0.533034 1.12271 0.0124834 0.00549534
1.14031 0.578278 1.11184 -0.0364552 0.00745085
1.13689 0.538759 1.15419 0.0857588 0.00572776
1.13348 0.57678 1.1757 0.154966 0.00883106
1.13008 0.59973 1.19554 0.266177 0.0116115
1.12669 0.560107 1.20496 0.242847 0.00925642
1.12331 0.582558 1.1806 0.163647 0.00888964
1.11994 0.611128 1.15883 0.147198 0.0105747
1.11658 0.647119 1.14926 0.147725 0.0130365
1.11323 0.60417 1.1608 0.127478 0.0103966
1.10989 0.574634 1.15617 0.0813579 0.00852445
1.10656 0.623072 1.20539 0.305009 0.0130876
1.10324 0.638317 1.20514 0.340534 0.0141929
1.09993 0.642265 1.16688 0.1926 0.0117168
1.09663 0.603544 1.13299 0.0315128 0.0089599
1.09334 0.607348 1.11075 -0.02084 0.00851472
1.09006 0.561491 1.14775 0.0537311 0.00710929
1.08679 0.580704 1.11051 -0.0513635 0.00700485
1.08353 0.61825 1.06318 -0.151364 0.00698357
1.08028 0.604748 1.10511 -0.0509435 0.00810765
1.07704 0.621608 1.09126 -0.0709251 0.00923144
1.07381 0.634196 1.06914 -0.114624 0.00959439
1.07059 0.60059 1.10821 -0.0174727 0.00832678
1.06738 0.588291 1.06734 -0.14093 0.0062017
1.06418 0.597428 1.09613 -0.0820967 0.00717813
1.06098 0.560775 1.13012 0.0185396 0.00665128
1.0578 0.514404 1.15843 0.117963 0.00565075
1.05463 0.553075 1.12273 -0.00337594 0.00572975
1.05146 0.554627 1.10555 -0.0421512 0.00561483
1.04831 0.543311 1.06922 -0.11384 0.00443452
1.04516 0.543311 1.06922 -0.11384 0.00443452
1.04203 0.560828 1.10818 -0.0464348 0.0057967
1.0389 0.519041 1.12789 0.0302819 0.0049416
1.03579 0.568861 1.13514 0.0347494 0.00840984
1.03268 0.568861 1.13514 0.0347494 0.00840984
1.02958 0.534191 1.14395 0.0621274 0.00554867
1.02649 0.534191 1.14395 0.0621274 0.00554867
1.02341 0.567577 1.14195 0.0548358 0.00719996
1.02034 0.595106 1.15675 0.114788 0.00999475
1.01728 0.638633 1.16428 0.20788 0.0128543
1.01423 0.63445 1.13536 0.0889511 0.0116356
1.01119 0.669895 1.1342 0.14328 0.0140744
1.00815 0.642718 1.16305 0.207557 0.0131784
1.00513 0.670307 1.14541 0.162523 0.0135814
1.00211 0.664388 1.14704 0.170392 0.0134732
0.999106 0.621504 1.1463 0.103565 0.0111076
0.996109 0.667503 1.18467 0.332007 0.0173549
0.99312 0.644763 1.15762 0.183 0.0130696
0.990141 0.689872 1.15109 0.211401 0.0156317
0.987171 0.717204 1.11503 0.190046 0.0173423
0.984209 0.684684 1.07562 -0.0255968 0.0118811
0.981256 0.706277 1.05693 -0.0472549 0.0123525
0.978313 0.687064 1.04824 -0.0893361 0.0120385
0.975378 0.687064 1.04824 -0.0893361 0.0120385
0.972452 0.680883 1.03777 -0.126683 0.0106562
0.969534 0.71753 1.07885 0.0686826 0.0146998
0.966626 0.759433 1.05151 0.0810995 0.0162963
0.963726 0.785689 1.049 0.149556 0.0187919
0.960835 0.767351 1.00194 -0.0311135 0.0159642
0.957952 0.795081 1.03698 0.113178 0.0180715
0.955078 0.772091 1.04134 0.056033 0.0175533
0.952213 0.760336 1.05908 0.137913 0.0194805
0.949356 0.79311 1.0885 0.290331 0.0213553
0.946508 0.818468 1.0572 0.242687 0.0223376
0.943669 0.818468 1.0572 0.242687 0.0223376
0.940838 0.797163 1.05723 0.193094 0.0209876
0.938015 0.755337 1.03656 0.00982359 0.0174308
0.935201 0.755015 1.06013 0.0726091 0.0167523
0.932396 0.755015 1.06013 0.0726091 0.0167523
0.929598 0.789279 1.03412 0.0898299 0.018601
0.92681 0.8298 1.01628 0.196481 0.0206268
0.924029 0.871423 1.06597 0.511387 0.0308565
0.921257 0.916207 1.09086 0.720537 0.0342271
0.918493 0.870015 1.09495 0.544404 0.0271803
0.915738 0.85123 1.04898 0.333093 0.0246
0.912991 0.818013 1.09338 0.404229 0.0231796
0.910252 0.782286 1.11384 0.353765 0.0228303
0.907521 0.78264 1.15869 0.621476 0.0285427
0.904798 0.789759 1.16572 0.610356 0.0237029
0.902084 0.790864 1.1261 0.507512 0.026734
0.899378 0.790864 1.1261 0.507512 0.026734
0.89668 0.83074 1.10407 0.51915 0.0255077
0.89399 0.848586 1.06481 0.326154 0.0262866
0.891308 0.848586 1.06481 0.326154 0.0262866
0.888634 0.831975 1.02915 0.209486 0.0223176
0.885968 0.847541 1.02083 0.239568 0.0222878
0.88331 0.847541 1.02083 0.239568 0.0222878
0.88066 0.826389 1.02081 0.170186 0.0201784
0.878018 0.831376 1.00981 0.17247 0.0207616
0.875384 0.84575 1.04792 0.289729 0.0219039
0.872758 0.860296 1.0502 0.376371 0.0258982
0.870139 0.888488 1.01686 0.368984 0.0272817
0.867529 0.904986 0.996291 0.284188 0.0254918
0.864926 0.91487 1.03506 0.507744 0.0341054
0.862332 0.904605 1.0806 0.719801 0.0369404
0.859745 0.931768 1.09651 0.914869 0.0356367
0.857165 0.91721 1.10173 0.802061 0.032186
0.854594 0.899819 1.11141 0.825635 0.0374075
0.85203 0.92141 1.08724 0.785313 0.0344834
0.849474 0.92141 1.08724 0.785313 0.0344834
0.846926 0.92141 1.08724 0.785313 0.0344834
0.844385 0.92141 1.08724 0.785313 0.0344834
0.841852 0.96195 1.07421 0.846054 0.0360804
0.839326 0.971189 1.0755 0.952988 0.0409799
0.836808 0.971189 1.0755 0.952988 0.0409799
0.834298 0.973132 1.05284 0.86403 0.0441506
0.831795 1.01989 1.02516 0.915317 0.0431208
0.829299 1.01732 1.07096 1.11124 0.0433291
0.826812 0.989959 1.09198 1.15513 0.0474947
0.824331 0.967289 1.04754 0.792338 0.0362165
0.821858 0.952849 1.05242 0.771074 0.0390785
0.819393 0.955438 1.04525 0.751256 0.0393821
0.816934 0.910632 1.07213 0.630795 0.0312087
0.814484 0.922592 1.03599 0.544686 0.0304058
0.81204 0.93478 1.00976 0.452958 0.0285421
0.809604 0.967298 0.965474 0.449486 0.030162
0.807175 0.990887 0.95797 0.576144 0.0377095
0.804754 1.00989 0.991366 0.701616 0.0360765
0.802339 0.985569 0.948324 0.433482 0.0301908
0.799932 0.957476 0.930989 0.33457 0.0286546
0.797533 0.948286 0.943213 0.351508 0.027424
0.79514 0.923755 0.907177 0.133145 0.0220745
0.792755 0.928452 0.885894 0.092856 0.0202888
0.790376 0.915072 0.849714 -0.00734171 0.0200373
0.788005 0.879347 0.856716 -0.0487233 0.0184519
0.785641 0.873418 0.861174 -0.0644378 0.0168656
0.783284 0.867575 0.877448 -0.0393452 0.0189593
0.780934 0.855262 0.863539 -0.12536 0.0159886
0.778592 0.808822 0.816149 -0.23876 0.0139803
0.776256 0.809925 0.860369 -0.221013 0.0108953
0.773927 0.779323 0.884095 -0.239883 0.010688
0.771605 0.767178 0.878909 -0.265831 0.0103922
0.76929 0.752154 0.872104 -0.306057 0.00864084
0.766983 0.706567 0.874963 -0.37325 0.00639327
0.764682 0.706567 0.874963 -0.37325 0.00639327
0.762388 0.681536 0.85482 -0.3969 0.00553053
0.7601 0.682997 0.867204 -0.385271 0.00587993
0.75782 0.648284 0.864094 -0.411911 0.00447504
0.755547 0.648946 0.851852 -0.428701 0.00391217
0.75328 0.609076 0.876165 -0.417451 0.00349878
0.75102 0.639548 0.870869 -0.425119 0.00361713
0.748767 0.65358 0.894291 -0.399269 0.00462106
0.746521 0.687123 0.878958 -0.366446 0.00795573
0.744281 0.687123 0.878958 -0.366446 0.00795573
0.742048 0.671796 0.865752 -0.405261 0.004548
0.739822 0.651525 0.872327 -0.414532 0.00462938
0.737603 0.683062 0.83877 -0.407015 0.00545736
0.73539 0.730058 0.798065 -0.3772 0.00625355
0.733184 0.753929 0.778015 -0.359786 0.00669821
0.730984 0.792331 0.798844 -0.284668 0.0106615
0.728791 0.767789 0.759547 -0.339025 0.00722568
0.726605 0.767432 0.741219 -0.347472 0.00718527
0.724425 0.769815 0.708697 -0.350051 0.00529783
0.722252 0.729923 0.661844 -0.352119 0.0043766
0.720085 0.74408 0.646625 -0.353468 0.00470676
0.717925 0.777905 0.602692 -0.32741 0.0044363
0.715771 0.779228 0.58509 -0.318 0.00544754
0.713624 0.76332 0.540739 -0.2943 0.0044289
0.711483 0.752446 0.539603 -0.28284 0.00580234
0.709348 0.76976 0.499993 -0.271858 0.00492371
0.70722 0.764344 0.458954 -0.246465 0.00487555
0.705099 0.806827 0.491779 -0.269283 0.00530727
0.702983 0.825387 0.471202 -0.266138 0.00610255
0.700874 0.864656 0.472201 -0.277543 0.00541446
0.698772 0.87627 0.4389 -0.252333 0.00790527
0.696676 0.874746 0.447348 -0.266628 0.00564142
0.694586 0.906937 0.461014 -0.253146 0.010716
0.692502 0.934749 0.495871 -0.259477 0.00785378
0.690424 0.912415 0.481344 -0.263872 0.00770616
0.688353 0.87842 0.512782 -0.279518 0.00684089
0.686288 0.834494 0.53846 -0.295583 0.00516183
0.684229 0.805112 0.511957 -0.270021 0.0101252
0.682176 0.773089 0.498699 -0.273203 0.00478738
0.68013 0.750235 0.455976 -0.232214 0.00479215
0.678089 0.799745 0.447089 -0.237698 0.00799582
0.676055 0.790478 0.413302 -0.223421 0.00547854
0.674027 0.778509 0.401855 -0.219046 0.00498055
0.672005 0.772348 0.431652 -0.233776 0.00479501
0.669989 0.728204 0.441212 -0.211889 0.00485469
0.667979 0.720767 0.490084 -0.236074 0.00461546
0.665975 0.687366 0.493437 -0.22475 0.0044953
0.663977 0.732934 0.474991 -0.241832 0.0047787
0.661985 0.711591 0.42753 -0.171898 0.00503172
0.659999 0.664763 0.384252 -0.0827968 0.00564929
0.658019 0.711712 0.392549 -0.149031 0.00544828
0.656045 0.690487 0.353297 -0.0866818 0.0059978
0.654077 0.690487 0.353297 -0.0866818 0.0059978
0.652115 0.735455 0.333826 -0.114385 0.00555824
0.650158 0.742694 0.296248 -0.111704 0.00595138
0.648208 0.724397 0.313119 -0.0928327 0.00602976
0.646263 0.765267 0.350512 -0.162077 0.00554719
0.644325 0.771728 0.31352 -0.157958 0.00534459
0.642392 0.774396 0.278273 -0.137377 0.00564578
0.640464 0.770213 0.24915 -0.11752 0.00552078
0.638543 0.818202 0.226354 -0.165368 0.00543973
0.636627 0.780881 0.252855 -0.118623 0.00567092
0.634717 0.746874 0.25132 -0.0948109 0.00590313
0.632813 0.774636 0.291925 -0.141069 0.00553124
0.630915 0.805765 0.315665 -0.190523 0.00535062
0.629022 0.791921 0.270411 -0.151567 0.00527674
0.627135 0.834213 0.281208 -0.207553 0.00506094
0.625254 0.795331 0.248206 -0.149463 0.00581976
0.623378 0.826252 0.244231 -0.179781 0.00544659
0.621508 0.825256 0.198952 -0.166423 0.00576097
0.619643 0.803898 0.223103 -0.151669 0.00544078
0.617784 0.803898 0.223103 -0.151669 0.00544078
0.615931 0.82551 0.262946 -0.188579 0.00522804
0.614083 0.803473 0.217197 -0.145585 0.00577777
0.612241 0.799692 0.231218 -0.143884 0.00540457
0.610404 0.83465 0.279646 -0.196015 0.0053473
0.608573 0.83624 0.28516 -0.197587 0.00544805
0.606747 0.870623 0.259631 -0.220071 0.00524437
0.604927 0.865802 0.252725 -0.215317 0.00565414
0.603112 0.880989 0.227023 -0.214957 0.00546009
0.601303 0.918094 0.263 -0.235668 0.0063829
0.599499 0.930868 0.26536 -0.249955 0.00641902
0.597701 0.912843 0.307867 -0.24249 0.0074187
0.595907 0.878849 0.348588 -0.249274 0.00539163
0.59412 0.886293 0.310741 -0.240172 0.00479687
0.592337 0.849212 0.309038 -0.210671 0.00539738
0.59056 0.811212 0.290217 -0.176066 0.00678276
0.588789 0.783512 0.309518 -0.163099 0.00527609
0.587022 0.832563 0.292257 -0.198291 0.00523764
0.585261 0.818332 0.341992 -0.224016 0.00511002
0.583505 0.770357 0.319982 -0.166331 0.00559822
0.581755 0.745309 0.274932 -0.0929587 0.00609649
0.58001 0.791939 0.253957 -0.144603 0.00553071
0.57827 0.783735 0.293233 -0.146732 0.00568222
0.576535 0.761636 0.314237 -0.142068 0.0054525
0.574805 0.756621 0.346606 -0.152621 0.00553767
0.573081 0.723376 0.387005 -0.161443 0.00534268
0.571362 0.740901 0.357153 -0.152145 0.00547348
0.569647 0.762576 0.316997 -0.137515 0.00550668
0.567939 0.760239 0.315701 -0.139681 0.00567602
0.566235 0.752165 0.316829 -0.119392 0.0055115
0.564536 0.714441 0.30967 -0.0790595 0.00608389
0.562842 0.667836 0.354142 -0.055212 0.00609655
0.561154 0.707707 0.354868 -0.109634 0.00591733
0.55947 0.687516 0.358296 -0.0730017 0.00592634
0.557792 0.676866 0.391847 -0.103298 0.00568766
0.556119 0.635334 0.366227 -0.0262122 0.006451
0.55445 0.646653 0.327196 0.00204064 0.00651871
0.552787 0.601946 0.312535 0.0905436 0.00716078
0.551129 0.607745 0.353005 0.0312151 0.00711551
0.549475 0.587821 0.393369 0.00523606 0.00647644
0.547827 0.593069 0.366402 0.0419291 0.00669482
0.546183 0.618281 0.331564 0.0376657 0.00707493
0.544545 0.648822 0.29323 0.0458334 0.00709372
0.542911 0.662306 0.339639 -0.0332127 0.00635523
0.541282 0.613875 0.322239 0.0777211 0.00690997
0.539658 0.606426 0.290625 0.122776 0.00769905
0.53804 0.591343 0.334985 0.0858207 0.0070433
0.536425 0.578898 0.351702 0.0810838 0.00711034
0.534816 0.598522 0.377753 0.0097577 0.00646821
0.533212 0.614184 0.34737 0.0250141 0.00667999
0.531612 0.626252 0.364928 -0.0164482 0.00624244
0.530017 0.626252 0.364928 -0.0164482 0.00624244
0.528427 0.620829 0.372524 -0.00827669 0.00661124
0.526842 0.628476 0.416352 -0.0722818 0.00557157
0.525261 0.664567 0.394171 -0.0839775 0.00588405
0.523686 0.694819 0.366258 -0.0993606 0.00589139
0.522115 0.681663 0.406812 -0.136323 0.0054286
0.520548 0.654068 0.427612 -0.130267 0.00547857
0.518987 0.663191 0.380725 -0.0690771 0.00612448
0.51743 0.616447 0.34976 0.0263691 0.00672487
0.515877 0.641323 0.337201 -0.00119622 0.0065705
0.51433 0.661009 0.325227 -0.018673 0.00656316
0.512787 0.691101 0.280658 -0.017001 0.00633743
0.511248 0.695726 0.305956 -0.0581584 0.00632223
0.509715 0.695726 0.305956 -0.0581584 0.00632223
0.508185 0.652281 0.310387 0.0152087 0.00664672
0.506661 0.686612 0.264939 0.00246316 0.00658455
0.505141 0.67588 0.258583 0.0277224 0.00692298
0.503625 0.714155 0.240332 -0.0262492 0.00664881
0.502115 0.717523 0.215615 -0.0234818 0.00671321
0.500608 0.713091 0.205741 -0.0125369 0.00626902
0.499106 0.762752 0.235742 -0.107941 0.00579385
0.497609 0.744785 0.214123 -0.0775941 0.00604368
0.496116 0.731965 0.256937 -0.0685499 0.00618592
0.494628 0.745773 0.243 -0.079819 0.00598611
0.493144 0.792507 0.210255 -0.131922 0.00567519
0.491665 0.831169 0.173309 -0.168865 0.00549691
0.49019 0.835859 0.177054 -0.171824 0.00531839
0.488719 0.848358 0.188204 -0.185849 0.00520359
0.487253 0.877618 0.196636 -0.209568 0.00543975
0.485791 0.907631 0.156437 -0.225563 0.00516355
0.484334 0.880131 0.10708 -0.203733 0.00617078
0.482881 0.860258 0.142447 -0.191525 0.00589666
0.481432 0.884047 0.188511 -0.230052 0.0052729
0.479988 0.862355 0.180507 -0.182642 0.00539951
0.478548 0.831053 0.196894 -0.169634 0.00549434
0.477112 0.805725 0.22438 -0.152506 0.00560961
0.475681 0.840587 0.202343 -0.183659 0.00540288
0.474254 0.799358 0.235691 -0.151686 0.00554142
0.472831 0.761766 0.223587 -0.0906816 0.00610416
0.471413 0.75092 0.236064 -0.0906084 0.00580686
0.469998 0.725849 0.259894 -0.04939 0.00612979
0.468588 0.689263 0.241217 0.0260002 0.00661337
0.467183 0.684105 0.286546 -0.0168273 0.00643885
0.465781 0.727965 0.302168 -0.0977539 0.00584639
0.464384 0.727965 0.302168 -0.0977539 0.00584639
0.462991 0.6899 0.30712 -0.0463029 0.006391
0.461602 0.645978 0.322602 0.00189309 0.00688985
0.460217 0.678055 0.366713 -0.0856345 0.00588018
0.458836 0.67072 0.322185 -0.0293107 0.0064787
0.45746 0.670638 0.33517 -0.0354082 0.00620044
0.456087 0.628524 0.368104 -0.0126899 0.00610981
0.454719 0.6019 0.416778 -0.0580153 0.00598781
0.453355 0.587812 0.415891 -0.0289135 0.00609583
0.451995 0.577442 0.372278 0.0506875 0.00691777
0.450639 0.577442 0.372278 0.0506875 0.00691777
0.449287 0.586802 0.4135 -0.0357314 0.00632142
0.447939 0.57604 0.427502 -0.0356682 0.00572108
0.446595 0.565194 0.439788 -0.0376187 0.00568619
0.445255 0.563784 0.429368 -0.027302 0.00591611
0.44392 0.5285 0.395038 0.0904396 0.00694496
0.442588 0.505663 0.420314 0.0647652 0.00674137
0.44126 0.491824 0.453078 0.0292116 0.0058496
0.439936 0.45908 0.440504 0.10167 0.00666849
0.438616 0.419265 0.436264 0.182894 0.00847625
0.437301 0.388035 0.461696 0.263639 0.0100047
0.435989 0.386837 0.478136 0.264222 0.0105704
0.434681 0.385144 0.513834 0.264054 0.0118507
0.433377 0.42359 0.51922 0.0472531 0.00891125
0.432077 0.446658 0.531606 -0.0186211 0.00702375
0.43078 0.446658 0.531606 -0.0186211 0.00702375
0.429488 0.413846 0.54552 0.0929836 0.0101462
0.4282 0.412765 0.530824 0.105284 0.00959355
0.426915 0.429498 0.511953 0.0378033 0.00824249
0.425634 0.461109 0.51397 -0.0314656 0.00633187
0.424357 0.466463 0.558572 -0.104003 0.00671053
0.423084 0.515547 0.557103 -0.182403 0.00498741
0.421815 0.481921 0.518781 -0.0803149 0.00608158
0.42055 0.511427 0.540941 -0.154846 0.00496968
0.419288 0.543684 0.507328 -0.135077 0.00494275
0.41803 0.543096 0.537677 -0.183104 0.00448348
0.416776 0.507019 0.550941 -0.170459 0.00503931
0.415526 0.499722 0.507625 -0.095995 0.00569108
0.414279 0.478223 0.460482 0.025618 0.00631401
0.413036 0.478223 0.460482 0.025618 0.00631401
0.411797 0.463176 0.481964 0.0157217 0.00594702
0.410562 0.427152 0.486586 0.0822694 0.00826771
0.40933 0.454027 0.495609 0.00317244 0.00687853
0.408102 0.442451 0.454661 0.107455 0.00723477
0.406878 0.448583 0.491007 0.0351378 0.00702395
0.405657 0.464431 0.486286 -0.00326599 0.00650353
0.40444 0.418525 0.522626 0.0699915 0.00895659
0.403227 0.418525 0.522626 0.0699915 0.00895659
0.402017 0.445657 0.507346 0.000855662 0.00775208
0.400811 0.445657 0.507346 0.000855662 0.00775208
0.399609 0.453834 0.506043 -0.00970316 0.0069497
0.39841 0.453834 0.506043 -0.00970316 0.0069497
0.397215 0.453834 0.506043 -0.00970316 0.0069497
0.396023 0.503749 0.534701 -0.146189 0.00542559
0.394835 0.532076 0.497581 -0.108758 0.00513734
0.39365 0.512634 0.451476 0.00461407 0.00597831
0.392469 0.463823 0.48288 0.0141206 0.00645162
0.391292 0.442243 0.452188 0.102144 0.00711415
0.390118 0.444202 0.438051 0.114067 0.00813305
0.388948 0.459905 0.462489 0.0519474 0.00664384
0.387781 0.454792 0.492426 0.00797409 0.00669792
0.386618 0.483544 0.488332 -0.0293703 0.00590112
0.385458 0.458406 0.51462 -0.029951 0.00639889
0.384301 0.499413 0.525906 -0.130974 0.0057057
0.383148 0.48235 0.57521 -0.159298 0.00595945
0.381999 0.490906 0.571105 -0.176918 0.00567201
0.380853 0.465994 0.529385 -0.064596 0.00635146
0.37971 0.480507 0.567977 -0.149838 0.00600089
0.378571 0.449029 0.531496 -0.0265408 0.00712744
0.377436 0.449029 0.531496 -0.0265408 0.00712744
0.376303 0.439498 0.573273 -0.0269604 0.00832059
0.375174 0.437117 0.54541 -0.00722725 0.00806026
0.374049 0.437117 0.54541 -0.00722725 0.00806026
0.372927 0.42855 0.591042 0.00267837 0.00969385
0.371808 0.465714 0.566715 -0.119244 0.00701372
0.370693 0.498156 0.602513 -0.222668 0.00544572
0.36958 0.526035 0.594547 -0.246057 0.00444196
0.368472 0.507817 0.60243 -0.231642 0.00506199
0.367366 0.485381 0.64169 -0.228762 0.00657107
0.366264 0.514453 0.658406 -0.291973 0.0050212
0.365165 0.496282 0.680924 -0.273971 0.00625905
0.36407 0.533944 0.670074 -0.340662 0.00423697
0.362978 0.501281 0.63554 -0.25575 0.0058109
0.361889 0.521535 0.627202 -0.283233 0.00488718
0.360803 0.557727 0.668497 -0.360869 0.00344949
0.359721 0.508604 0.668492 -0.291447 0.00531179
0.358642 0.541105 0.697119 -0.357521 0.00393478
0.357566 0.57622 0.739858 -0.421349 0.00265735
0.356493 0.597054 0.723795 -0.421237 0.00231414
0.355423 0.613884 0.700628 -0.404037 0.00294343
0.354357 0.582896 0.653704 -0.359726 0.00295571
0.353294 0.609329 0.635833 -0.350957 0.0030039
0.352234 0.617504 0.626166 -0.348797 0.00283185
0.351177 0.617504 0.626166 -0.348797 0.00283185
0.350124 0.629645 0.656318 -0.376116 0.0025846
0.349074 0.65317 0.612958 -0.3473 0.00313292
0.348026 0.618172 0.639049 -0.358351 0.00284789
0.346982 0.644118 0.682946 -0.395863 0.00237753
0.345941 0.649869 0.66773 -0.38553 0.00288502
0.344904 0.606267 0.626142 -0.344339 0.00304565
0.343869 0.604761 0.608635 -0.327514 0.00317275
0.342837 0.560127 0.647482 -0.341198 0.00349433
0.341809 0.558871 0.610766 -0.306268 0.00368245
0.340783 0.512575 0.616503 -0.266066 0.00489339
0.339761 0.556354 0.607911 -0.294607 0.00382218
0.338742 0.568251 0.655651 -0.35398 0.00330879
0.337725 0.534264 0.622702 -0.301654 0.00457452
0.336712 0.553892 0.598917 -0.284962 0.00370625
0.335702 0.564218 0.601384 -0.294056 0.00363929
0.334695 0.570773 0.589131 -0.286312 0.00389167
0.333691 0.570773 0.589131 -0.286312 0.00389167
0.33269 0.542513 0.633746 -0.304578 0.00405366
0.331692 0.534026 0.646988 -0.32033 0.0044307
0.330697 0.534026 0.646988 -0.32033 0.0044307
0.329705 0.57652 0.640199 -0.346894 0.00327638
0.328715 0.593324 0.632602 -0.343257 0.00302762
0.327729 0.633507 0.617579 -0.342615 0.00292805
0.326746 0.616012 0.617006 -0.331823 0.002978
0.325766 0.567124 0.617178 -0.320077 0.00364634
0.324789 0.53131 0.596862 -0.256358 0.00441344
0.323814 0.545361 0.595007 -0.274561 0.00414717
0.322843 0.59326 0.609276 -0.317884 0.00321616
0.321874 0.58686 0.566057 -0.258232 0.00379412
0.320909 0.58686 0.566057 -0.258232 0.00379412
0.319946 0.623527 0.516753 -0.220737 0.00434676
0.318986 0.634239 0.490048 -0.190935 0.00484836
0.318029 0.615893 0.460321 -0.129665 0.00500372
0.317075 0.59728 0.490503 -0.162356 0.00499792
0.316124 0.634327 0.530565 -0.240311 0.00414241
0.315175 0.653731 0.571126 -0.290688 0.0035354
0.31423 0.63399 0.531348 -0.236746 0.00422969
0.313287 0.654178 0.513093 -0.227601 0.00438744
0.312347 0.660291 0.53923 -0.262139 0.00407692
0.31141 0.681418 0.58452 -0.31217 0.0035556
0.310476 0.681418 0.58452 -0.31217 0.0035556
0.309545 0.717554 0.566502 -0.300602 0.00403776
0.308616 0.736775 0.556999 -0.293137 0.00443026
0.30769 0.703205 0.530175 -0.26436 0.00430187
0.306767 0.743724 0.548951 -0.294795 0.00446347
0.305847 0.743724 0.548951 -0.294795 0.00446347
0.304929 0.79082 0.545525 -0.304378 0.0045046
0.304014 0.77051 0.585614 -0.314017 0.00482123
0.303102 0.763092 0.539878 -0.293179 0.0043466
0.302193 0.732592 0.532284 -0.273935 0.00423434
0.301287 0.767304 0.57389 -0.306994 0.00487378
0.300383 0.793957 0.544295 -0.286287 0.00533731
0.299482 0.771502 0.575392 -0.313207 0.00492352
0.298583 0.785461 0.592842 -0.309491 0.00555452
0.297687 0.824013 0.557635 -0.305081 0.00543914
0.296794 0.779459 0.51506 -0.288617 0.00503969
0.295904 0.741189 0.482861 -0.250103 0.00454415
0.295016 0.734278 0.512683 -0.26279 0.00483587
0.294131 0.7776 0.556233 -0.299791 0.00452479
0.293249 0.778124 0.583791 -0.315867 0.00466055
0.292369 0.771537 0.625492 -0.328803 0.004731
0.291492 0.794657 0.659216 -0.330966 0.00606618
0.290617 0.837446 0.702448 -0.27867 0.00944086
0.289746 0.884307 0.743902 -0.18366 0.0155999
0.288876 0.879502 0.698448 -0.254801 0.010435
0.28801 0.845175 0.699592 -0.285477 0.00845654
0.287146 0.821008 0.672424 -0.302891 0.00835209
0.286284 0.792692 0.642384 -0.323531 0.00684795
0.285425 0.794406 0.597235 -0.315606 0.00508005
0.284569 0.802559 0.60936 -0.311337 0.00573885
0.283715 0.817482 0.602657 -0.316628 0.00525971
0.282864 0.788764 0.60554 -0.314746 0.00540236
0.282016 0.768615 0.60325 -0.320758 0.00546682
0.28117 0.810513 0.636695 -0.315548 0.00592455
0.280326 0.774268 0.631882 -0.331262 0.0050027
0.279485 0.763702 0.585446 -0.312612 0.00521203
0.278647 0.759997 0.560722 -0.298929 0.00586618
0.277811 0.804987 0.558143 -0.301795 0.00516696
0.276977 0.839319 0.601114 -0.299319 0.00658336
0.276146 0.820345 0.579439 -0.298882 0.00713366
0.275318 0.857809 0.54478 -0.278258 0.00787411
0.274492 0.899829 0.577503 -0.251513 0.0111012
0.273668 0.938543 0.602064 -0.225061 0.0124344
0.272847 0.988073 0.552141 -0.175474 0.0149659
0.272029 0.988073 0.552141 -0.175474 0.0149659
0.271213 1.01268 0.545351 -0.169297 0.0143722
0.270399 1.00412 0.507847 -0.188373 0.0138202
0.269588 1.01457 0.527502 -0.198795 0.0112172
0.268779 1.01457 0.527502 -0.198795 0.0112172
0.267973 1.01457 0.527502 -0.198795 0.0112172
0.267169 1.03097 0.496479 -0.168866 0.0134477
0.266367 0.996949 0.520255 -0.21443 0.0115604
0.265568 0.996949 0.520255 -0.21443 0.0115604
0.264772 1.00201 0.547482 -0.203326 0.0121343
0.263977 0.976747 0.50525 -0.206182 0.00968338
0.263185 0.957151 0.513615 -0.240044 0.011448
0.262396 0.957151 0.513615 -0.240044 0.011448
0.261609 0.949707 0.490411 -0.236806 0.00938706
0.260824 0.913034 0.465009 -0.266098 0.00839292
0.260041 0.877295 0.49622 -0.278973 0.00660334
0.259261 0.918442 0.533351 -0.249564 0.00848801
0.258483 0.914984 0.578338 -0.260063 0.00932275
0.257708 0.923096 0.530564 -0.260863 0.00804
0.256935 0.912815 0.516325 -0.258848 0.0100169
0.256164 0.946184 0.514275 -0.231906 0.0122052
0.255396 0.952102 0.47808 -0.239853 0.00979307
0.254629 0.97398 0.509149 -0.236808 0.0104542
0.253866 0.97398 0.509149 -0.236808 0.0104542
0.253104 0.983828 0.521086 -0.196573 0.0155263
0.252345 0.997189 0.494346 -0.219323 0.011386
0.251588 0.984968 0.464752 -0.228976 0.00987782
0.250833 0.993108 0.444274 -0.234033 0.00956246
0.25008 0.950568 0.427925 -0.261927 0.00763888
0.24933 0.985242 0.44896 -0.239225 0.00858813
0.248582 1.02516 0.433142 -0.197289 0.0131545
0.247836 0.995163 0.429601 -0.239257 0.00894495
0.247093 0.961633 0.39653 -0.255383 0.00722461
0.246352 0.965331 0.420099 -0.241372 0.00943745
0.245613 0.925902 0.430065 -0.265671 0.00797791
0.244876 0.876597 0.420594 -0.265026 0.00535338
0.244141 0.879427 0.444035 -0.259336 0.00676559
0.243409 0.877006 0.436523 -0.249217 0.00712502
0.242678 0.892992 0.452762 -0.283588 0.00572751
0.24195 0.887355 0.4529 -0.270233 0.0061125
0.241225 0.891025 0.448311 -0.266411 0.00589698
0.240501 0.866752 0.42673 -0.260054 0.00555861
0.239779 0.838968 0.420568 -0.247523 0.00593952
0.23906 0.799703 0.401585 -0.226904 0.0049535
0.238343 0.83542 0.386626 -0.236383 0.00515239
0.237628 0.790765 0.337067 -0.179898 0.00522508
0.236915 0.820231 0.336982 -0.214393 0.00525123
0.236204 0.820231 0.336982 -0.214393 0.00525123
0.235496 0.787186 0.359999 -0.196242 0.00507384
0.234789 0.765376 0.379092 -0.188874 0.00525161
0.234085 0.759599 0.409439 -0.201537 0.00496491
0.233382 0.71675 0.385462 -0.147296 0.00527633
0.232682 0.762188 0.367013 -0.170453 0.00530946
0.231984 0.756758 0.368129 -0.168014 0.00541107
0.231288 0.733955 0.376372 -0.163309 0.00536939
0.230594 0.743853 0.373328 -0.172552 0.00517489
0.229903 0.758388 0.362618 -0.172287 0.0054151
0.229213 0.722254 0.376509 -0.143568 0.00546956
0.228525 0.734464 0.352986 -0.135196 0.00527935
0.22784 0.745266 0.307697 -0.110582 0.00577517
0.227156 0.746237 0.279913 -0.105843 0.00591993
0.226475 0.720961 0.327849 -0.108267 0.00572539
0.225795 0.720961 0.327849 -0.108267 0.00572539
0.225118 0.720961 0.327849 -0.108267 0.00572539
0.224443 0.764172 0.280908 -0.133378 0.00606295
0.223769 0.764172 0.280908 -0.133378 0.00606295
0.223098 0.790313 0.279033 -0.148328 0.00548087
0.222429 0.796395 0.245631 -0.152555 0.00550707
0.221761 0.753304 0.204883 -0.0873513 0.00633764
0.221096 0.746842 0.220531 -0.0747145 0.00606303
0.220433 0.74111 0.230166 -0.0663038 0.00621933
0.219771 0.726741 0.180498 -0.00758617 0.0064625
0.219112 0.734018 0.204497 -0.0367841 0.00613651
0.218455 0.686573 0.158933 0.0612471 0.00706414
0.217799 0.661146 0.109975 0.134187 0.0080935
0.217146 0.676704 0.0698061 0.116247 0.00747022
0.216495 0.719759 0.0850211 0.0350307 0.00701307
0.215845 0.769565 0.118018 -0.0796964 0.00618026
0.215198 0.754341 0.162264 -0.0545937 0.00655127
0.214552 0.803035 0.181804 -0.136883 0.00563076
0.213908 0.785971 0.214102 -0.123508 0.00577912
0.213267 0.766877 0.253123 -0.120099 0.00612778
0.212627 0.7171 0.220442 -0.0177659 0.0065358
0.211989 0.7171 0.220442 -0.0177659 0.0065358
0.211353 0.711487 0.221089 -0.014773 0.00658931
0.210719 0.748923 0.23075 -0.0812622 0.00615046
0.210087 0.715798 0.216955 -0.0274242 0.00653148
0.209457 0.711614 0.24928 -0.0354738 0.00639116
0.208828 0.71173 0.288496 -0.0626479 0.00641747
0.208202 0.695948 0.331173 -0.0630773 0.00623601
0.207577 0.719148 0.355809 -0.133261 0.00575586
0.206954 0.751607 0.389839 -0.186423 0.00509803
0.206333 0.795952 0.427952 -0.236761 0.00465739
0.205714 0.786734 0.452978 -0.240854 0.0052939
0.205097 0.752774 0.493068 -0.254191 0.00462668
0.204482 0.719869 0.496726 -0.244853 0.00459462
0.203869 0.69651 0.460085 -0.192005 0.00478991
0.203257 0.727574 0.428928 -0.197522 0.00477186
0.202647 0.75862 0.428066 -0.22037 0.00505764
0.202039 0.788268 0.387856 -0.217428 0.00509243
0.201433 0.802604 0.384328 -0.226259 0.00495582
0.200829 0.821219 0.356311 -0.214803 0.00541226
0.200226 0.803492 0.377514 -0.213355 0.00508523
0.199626 0.77858 0.425728 -0.231603 0.00486261
0.199027 0.825128 0.376552 -0.229592 0.00555304
0.19843 0.79615 0.418164 -0.237403 0.00530192
0.197834 0.827359 0.375857 -0.228245 0.00518178
0.197241 0.860741 0.419585 -0.255903 0.00635509
0.196649 0.84682 0.427778 -0.262905 0.005367
0.196059 0.859589 0.39596 -0.240189 0.00530045
0.195471 0.90241 0.37726 -0.252233 0.0055763
0.194885 0.856185 0.378421 -0.238788 0.0059953
0.1943 0.831094 0.330367 -0.218079 0.00524008
0.193717 0.792741 0.299136 -0.16369 0.0053523
0.193136 0.83464 0.33051 -0.212801 0.00527473
0.192557 0.869778 0.362144 -0.250949 0.00514576
0.191979 0.91063 0.354793 -0.255698 0.00572519
0.191403 0.907982 0.315199 -0.252391 0.0057615
0.190829 0.868906 0.279689 -0.233326 0.00529368
0.190256 0.892087 0.289437 -0.238488 0.00523188
0.189685 0.887994 0.272631 -0.229925 0.00512878
0.189116 0.882621 0.297193 -0.234295 0.00573312
0.188549 0.903861 0.326666 -0.241284 0.00607601
0.187983 0.903861 0.326666 -0.241284 0.00607601
0.187419 0.894811 0.316531 -0.248926 0.00561275
0.186857 0.890366 0.320926 -0.242691 0.00545762
0.186297 0.900591 0.293938 -0.233304 0.00677726
0.185738 0.859655 0.300901 -0.222831 0.00531891
0.185181 0.858572 0.350726 -0.242919 0.0050702
0.184625 0.849004 0.330216 -0.228537 0.00539237
0.184071 0.801469 0.332112 -0.183954 0.00512747
0.183519 0.827407 0.342594 -0.203905 0.00680889
0.182968 0.840992 0.364398 -0.236115 0.00519734
0.182419 0.874468 0.367586 -0.259357 0.00499129
0.181872 0.888558 0.379363 -0.245555 0.00622391
0.181327 0.902027 0.38819 -0.246425 0.00677288
0.180783 0.921307 0.371423 -0.249121 0.00687687
0.18024 0.935077 0.373198 -0.266598 0.00673283
0.1797 0.949457 0.410936 -0.253256 0.00844746
0.17916 0.952514 0.410988 -0.252175 0.00810275
0.178623 0.9787 0.40325 -0.248003 0.011941
0.178087 0.9787 0.40325 -0.248003 0.011941
0.177553 1.0112 0.4044 -0.215442 0.0108947
0.17702 0.98091 0.405254 -0.235478 0.0103629
0.176489 0.946845 0.411772 -0.247563 0.00919041
0.17596 0.923315 0.40822 -0.256378 0.00748308
0.175432 0.944927 0.407153 -0.244775 0.00861857
0.174905 0.907011 0.424691 -0.253758 0.00692444
0.174381 0.921541 0.43635 -0.261001 0.00733703
0.173858 0.900289 0.396403 -0.24945 0.00714465
0.173336 0.906624 0.395522 -0.26457 0.00663728
0.172816 0.940847 0.392596 -0.253143 0.00901813
0.172298 0.978364 0.375171 -0.243483 0.00825324
0.171781 1.01819 0.408085 -0.205271 0.0121844
0.171265 1.03639 0.438368 -0.192752 0.0122919
0.170752 1.00946 0.47436 -0.224059 0.0106446
0.170239 1.05079 0.463751 -0.131073 0.0274035
0.169729 1.08266 0.495431 -0.119532 0.0148464
0.169219 1.0724 0.452533 -0.114346 0.0187858
0.168712 1.04037 0.418974 -0.165647 0.0153936
0.168206 1.08189 0.440088 -0.131326 0.0157711
0.167701 1.08722 0.480675 -0.0948867 0.0176705
0.167198 1.08799 0.441443 -0.144491 0.0145707
0.166696 1.09944 0.431878 -0.125727 0.0169271
0.166196 1.09944 0.431878 -0.125727 0.0169271
0.165698 1.09944 0.431878 -0.125727 0.0169271
0.165201 1.06537 0.479683 -0.135307 0.0155809
0.164705 1.10689 0.506463 -0.0113623 0.0206787
0.164211 1.14493 0.530806 0.0231471 0.0223142
0.163718 1.13544 0.555436 0.0614788 0.0243936
0.163227 1.16976 0.571404 0.210021 0.0352424
0.162737 1.16976 0.571404 0.210021 0.0352424
0.162249 1.1347 0.613175 0.115365 0.0241361
0.161762 1.15614 0.624693 0.193587 0.0282062
0.161277 1.15634 0.673816 0.286499 0.0319334
0.160793 1.1169 0.67927 0.191065 0.0270312
0.160311 1.09703 0.714846 0.221434 0.0317462
0.15983 1.12329 0.684909 0.228061 0.0302107
0.15935 1.12668 0.682426 0.227639 0.026917
0.158872 1.14335 0.715206 0.331214 0.0330362
0.158396 1.14038 0.744647 0.425221 0.0366569
0.157921 1.11464 0.783317 0.453042 0.0333182
0.157447 1.11464 0.783317 0.453042 0.0333182
0.156974 1.06732 0.741982 0.241808 0.0286834
0.156504 1.06732 0.741982 0.241808 0.0286834
0.156034 1.0492 0.704438 0.0547419 0.021117
0.155566 1.0653 0.657352 0.0426541 0.0296714
0.155099 1.08443 0.645989 0.0437451 0.02101
0.154634 1.08443 0.645989 0.0437451 0.02101
0.15417 1.06643 0.678729 0.0509147 0.0245348
0.153708 1.05266 0.689349 0.0545063 0.0215363
0.153246 1.08396 0.717206 0.178046 0.0285207
0.152787 1.04982 0.678197 0.0811211 0.0288969
0.152328 1.07642 0.635322 0.0175525 0.0220813
0.151871 1.12223 0.592976 0.132276 0.0314415
0.151416 1.12932 0.588528 0.0858854 0.0248319
0.150961 1.12932 0.588528 0.0858854 0.0248319
0.150509 1.10211 0.592347 0.0662269 0.0265811
0.150057 1.1121 0.586308 0.0640153 0.0257941
0.149607 1.07123 0.578272 -0.0634053 0.0193517
0.149158 1.07123 0.578272 -0.0634053 0.0193517
0.148711 1.03998 0.554508 -0.119574 0.0185735
0.148264 0.996705 0.516016 -0.201254 0.0122412
0.14782 0.988189 0.53085 -0.208383 0.0114049
0.147376 0.971552 0.539198 -0.198065 0.013148
0.146934 0.951055 0.517208 -0.254127 0.00895814
0.146493 0.952813 0.482699 -0.244468 0.00976785
0.146054 0.952813 0.482699 -0.244468 0.00976785
0.145616 0.96788 0.460834 -0.250123 0.00892569
0.145179 0.946147 0.465226 -0.258113 0.00793358
0.144743 0.961483 0.477148 -0.248493 0.00920656
0.144309 0.93364 0.435505 -0.254169 0.00831027
0.143876 0.934505 0.44141 -0.254505 0.00848028
0.143444 0.984104 0.437342 -0.233229 0.00984729
0.143014 1.02694 0.460321 -0.175038 0.0118181
0.142585 1.01463 0.482589 -0.212909 0.0104631
0.142157 1.01463 0.482589 -0.212909 0.0104631
0.141731 1.00838 0.470885 -0.206651 0.0115576
0.141306 1.04672 0.430776 -0.199306 0.0141429
0.140882 1.01728 0.410402 -0.205675 0.012542
0.140459 0.977339 0.430089 -0.219031 0.018416
0.140038 1.01755 0.463997 -0.194499 0.0124315
0.139618 1.00682 0.424645 -0.22426 0.0100926
0.139199 0.998349 0.393667 -0.231737 0.00871292
0.138781 0.950845 0.397454 -0.264409 0.0067241
0.138365 0.992729 0.422181 -0.241575 0.00882512
0.13795 0.963225 0.399481 -0.2379 0.0141016
0.137536 0.925889 0.427972 -0.254666 0.00756172
0.137123 0.925315 0.463867 -0.258814 0.00755823
0.136712 0.889485 0.414233 -0.26547 0.00538595
0.136302 0.889485 0.414233 -0.26547 0.00538595
0.135893 0.87847 0.396843 -0.243031 0.00622643
0.135485 0.877585 0.417794 -0.259387 0.00549069
0.135079 0.832777 0.461385 -0.263978 0.00542425
0.134674 0.855347 0.43096 -0.272411 0.00490533
0.134269 0.899213 0.418084 -0.269589 0.0059087
0.133867 0.901566 0.414759 -0.259181 0.00682384
0.133465 0.902529 0.444091 -0.275805 0.00632965
0.133065 0.886856 0.470009 -0.272726 0.00730242
0.132665 0.855691 0.450756 -0.260278 0.00591172
0.132267 0.878472 0.414916 -0.254816 0.0058685
0.131871 0.841832 0.373878 -0.242449 0.00498216
0.131475 0.871297 0.32756 -0.237898 0.00546343
0.131081 0.907517 0.353329 -0.263149 0.00546257
0.130687 0.951925 0.382455 -0.252871 0.00679529
0.130295 0.918704 0.388404 -0.246242 0.00770502
0.129904 0.936554 0.403929 -0.255157 0.00747692
0.129515 0.918752 0.377189 -0.26197 0.00616464
0.129126 0.948751 0.354531 -0.254848 0.00724642
0.128739 0.902453 0.325576 -0.258847 0.00506977
0.128353 0.915515 0.314406 -0.248464 0.00604123
0.127968 0.923105 0.345844 -0.262845 0.00548499
0.127584 0.96523 0.377926 -0.249737 0.00841471
0.127201 1.01392 0.39377 -0.229592 0.0101617
0.126819 1.04947 0.365205 -0.197869 0.0119029
0.126439 1.0834 0.325442 -0.163422 0.013411
0.12606 1.0834 0.325442 -0.163422 0.013411
0.125681 1.13167 0.281094 -0.140396 0.0156177
0.125304 1.08342 0.277002 -0.162279 0.0165538
0.124928 1.09683 0.248125 -0.181101 0.013395
0.124554 1.1197 0.239078 -0.10333 0.0212399
0.12418 1.07025 0.249759 -0.235774 0.00982169
0.123807 1.04135 0.202376 -0.245067 0.0121822
0.123436 1.07608 0.238072 -0.193247 0.0136362
0.123066 1.02612 0.282155 -0.239682 0.00907153
0.122696 1.05421 0.257444 -0.226773 0.0112308
0.122328 1.02447 0.238984 -0.255098 0.00803462
0.121961 1.01812 0.192222 -0.271694 0.00632104
0.121596 0.982262 0.176999 -0.257637 0.00626959
0.121231 0.954143 0.203653 -0.239595 0.00692445
0.120867 0.912162 0.186367 -0.228556 0.00583485
0.120504 0.862883 0.18316 -0.200553 0.00544728
0.120143 0.862242 0.196233 -0.206184 0.00495324
0.119782 0.91139 0.183344 -0.230731 0.00530992
0.119423 0.91139 0.183344 -0.230731 0.00530992
0.119065 0.872374 0.230239 -0.216303 0.00572214
0.118708 0.895486 0.255137 -0.237622 0.00547672
0.118352 0.941008 0.235822 -0.245319 0.006111
0.117996 0.941008 0.235822 -0.245319 0.006111
0.117643 0.946944 0.212041 -0.243081 0.00617849
0.11729 0.946944 0.212041 -0.243081 0.00617849
0.116938 0.987337 0.220075 -0.257737 0.00667787
0.116587 0.996451 0.199201 -0.248799 0.00705122
0.116237 0.996451 0.199201 -0.248799 0.00705122
0.115888 0.989819 0.220284 -0.247593 0.00779481
0.115541 0.986453 0.221264 -0.246552 0.0068788
0.115194 0.974506 0.244803 -0.257549 0.00630637
0.114849 0.968153 0.271872 -0.246832 0.0073796
0.114504 0.944022 0.312248 -0.25515 0.00628451
0.114161 0.894806 0.338167 -0.245781 0.00551363
0.113818 0.894806 0.338167 -0.245781 0.00551363
0.113477 0.863354 0.384997 -0.25477 0.00600329
0.113136 0.849249 0.393615 -0.256615 0.00516791
0.112797 0.849249 0.393615 -0.256615 0.00516791
0.112458 0.849249 0.393615 -0.256615 0.00516791
0.112121 0.882961 0.388306 -0.257719 0.00564672
0.111785 0.924407 0.381294 -0.24317 0.00791673
0.111449 0.944643 0.399579 -0.259534 0.00833562
0.111115 0.904775 0.442832 -0.255 0.00712472
0.110782 0.925242 0.483711 -0.262024 0.00955856
0.110449 0.925242 0.483711 -0.262024 0.00955856
0.110118 0.955157 0.494202 -0.22758 0.0100488
0.109788 0.912591 0.501048 -0.266998 0.00731446
0.109458 0.88846 0.510081 -0.258319 0.00914271
0.10913 0.871588 0.549387 -0.282723 0.00819131
0.108802 0.860399 0.505537 -0.281804 0.0052466
0.108476 0.852111 0.46442 -0.27237 0.00608896
0.108151 0.88721 0.448135 -0.277144 0.00591189
0.107826 0.863913 0.483954 -0.273761 0.00549672
0.107503 0.826929 0.475928 -0.271318 0.00486515
0.10718 0.842371 0.49281 -0.280027 0.0052518
0.106859 0.835243 0.516652 -0.286482 0.00603734
0.106538 0.81929 0.526572 -0.293088 0.00514897
0.106218 0.848148 0.557193 -0.289843 0.00694482
0.1059 0.872286 0.544117 -0.276116 0.0070677
0.105582 0.873526 0.54929 -0.274438 0.0078533
0.105265 0.914413 0.552451 -0.243928 0.00906071
0.104949 0.897154 0.52701 -0.270246 0.00758982
0.104635 0.852061 0.570741 -0.290733 0.00660282
0.104321 0.8846 0.586241 -0.259215 0.00911906
0.104008 0.877123 0.619605 -0.261186 0.0133995
0.103696 0.863733 0.663113 -0.267912 0.00882595
0.103385 0.902618 0.67979 -0.236587 0.0106448
0.103075 0.934487 0.652435 -0.192111 0.0134133
0.102765 0.934487 0.652435 -0.192111 0.0134133
0.102457 0.90205 0.619212 -0.248776 0.00941358
0.10215 0.880888 0.582244 -0.262186 0.00990827
0.101843 0.88511 0.616893 -0.264632 0.0105941
0.101538 0.886193 0.594476 -0.255598 0.0110674
0.101233 0.838947 0.545228 -0.274342 0.00728937
0.100929 0.840291 0.546885 -0.287123 0.00646165
0.100627 0.840291 0.546885 -0.287123 0.00646165
0.100325 0.868706 0.51949 -0.280871 0.0071319
0.100024 0.864605 0.520525 -0.279097 0.00591824
0.0997236 0.857626 0.551278 -0.300971 0.00593605
0.0994244 0.857626 0.551278 -0.300971 0.00593605
0.0991262 0.819062 0.516157 -0.280018 0.00489791
0.0988288 0.864817 0.554774 -0.282941 0.00686282
0.0985323 0.818853 0.544993 -0.285941 0.00599749
0.0982367 0.776693 0.502867 -0.274787 0.00473419
0.097942 0.776693 0.502867 -0.274787 0.00473419
0.0976482 0.768629 0.454994 -0.239867 0.00472704
0.0973552 0.737064 0.451841 -0.221265 0.00459009
0.0970632 0.760304 0.465053 -0.239775 0.00461016
0.096772 0.736326 0.434392 -0.204152 0.00504119
0.0964817 0.723517 0.481984 -0.233438 0.00440778
0.0961922 0.748647 0.470359 -0.238923 0.00507677
0.0959036 0.748647 0.470359 -0.238923 0.00507677
0.0956159 0.771532 0.515304 -0.274538 0.00462639
0.0953291 0.812416 0.554571 -0.30063 0.00535436
0.0950431 0.860651 0.540265 -0.28239 0.00717365
0.094758 0.846032 0.499649 -0.281875 0.00547444
0.0944737 0.865885 0.477473 -0.278328 0.00666563
0.0941903 0.84104 0.515136 -0.285671 0.00592381
0.0939077 0.821149 0.527028 -0.296143 0.00485823
0.093626 0.775505 0.528265 -0.271604 0.0052897
0.0933451 0.746779 0.500988 -0.256876 0.00483332
0.0930651 0.714069 0.474538 -0.226582 0.0047071
0.0927859 0.685316 0.473481 -0.211071 0.00473761
0.0925075 0.685316 0.473481 -0.211071 0.00473761
0.09223 0.688482 0.522433 -0.260097 0.00424279
0.0919533 0.708236 0.533463 -0.270257 0.00421807
0.0916774 0.689251 0.573145 -0.298494 0.00428744
0.0914024 0.727695 0.536677 -0.275153 0.00432896
0.0911282 0.678515 0.537861 -0.268097 0.00402493
0.0908548 0.697204 0.519946 -0.25922 0.00445053
0.0905822 0.689486 0.511866 -0.245205 0.0044425
0.0903105 0.698441 0.503668 -0.242263 0.00438566
0.0900396 0.68447 0.542681 -0.270452 0.00415496
0.0897694 0.678492 0.517303 -0.247062 0.00428946
0.0895001 0.726405 0.483904 -0.22761 0.00459277
0.0892316 0.721647 0.483993 -0.24116 0.00448027
0.0889639 0.686515 0.502718 -0.239905 0.00438696
0.088697 0.686515 0.502718 -0.239905 0.00438696
0.088431 0.686515 0.502718 -0.239905 0.00438696
0.0881657 0.636593 0.55212 -0.271434 0.00367678
0.0879012 0.636955 0.531758 -0.241091 0.00408326
0.0876375 0.610995 0.566419 -0.26996 0.00379564
0.0873746 0.652289 0.537589 -0.257073 0.00405285
0.0871124 0.680967 0.568823 -0.292741 0.00347473
0.0868511 0.637456 0.545688 -0.255797 0.00379732
0.0865905 0.666581 0.549148 -0.272926 0.00383617
0.0863308 0.649327 0.51065 -0.226441 0.00452814
0.0860718 0.62503 0.460922 -0.130661 0.00524288
0.0858136 0.647939 0.450017 -0.149067 0.00518005
0.0855561 0.647939 0.450017 -0.149067 0.00518005
0.0852994 0.649816 0.412367 -0.100301 0.00559687
0.0850436 0.649816 0.412367 -0.100301 0.00559687
0.0847884 0.637578 0.40379 -0.0815911 0.00573643
0.0845341 0.637578 0.40379 -0.0815911 0.00573643
0.0842805 0.631839 0.434107 -0.10927 0.00566911
0.0840276 0.614702 0.441659 -0.0928189 0.00535216
0.0837755 0.589268 0.419018 -0.0373904 0.00585042
0.0835242 0.612954 0.441682 -0.107419 0.00560637
0.0832736 0.608751 0.491101 -0.170303 0.00489077
0.0830238 0.585612 0.453343 -0.0944962 0.00566545
0.0827747 0.552122 0.492892 -0.114792 0.00509757
0.0825264 0.552122 0.492892 -0.114792 0.00509757
0.0822788 0.582942 0.47015 -0.113546 0.00522409
0.082032 0.56041 0.472689 -0.0931818 0.0054729
0.0817859 0.56041 0.472689 -0.0931818 0.0054729
0.0815405 0.554911 0.477981 -0.0964511 0.00522016
0.0812959 0.573354 0.46806 -0.107301 0.00524578
0.081052 0.591622 0.507461 -0.178098 0.00471049
0.0808089 0.542286 0.552563 -0.204385 0.00440663
0.0805665 0.590545 0.517057 -0.196042 0.00455922
0.0803248 0.578777 0.541316 -0.2205 0.00412503
0.0800838 0.549089 0.517746 -0.160361 0.00465424
0.0798435 0.526086 0.492524 -0.0982707 0.00531788
0.079604 0.562968 0.462578 -0.0813143 0.0055364
0.0793652 0.572224 0.47693 -0.115273 0.00513956
0.0791271 0.550153 0.490597 -0.122588 0.00498408
0.0788897 0.550153 0.490597 -0.122588 0.00498408
0.078653 0.532136 0.493577 -0.102675 0.00546781
0.0784171 0.546359 0.517448 -0.160838 0.00479056
0.0781818 0.547468 0.527025 -0.1789 0.00462402
0.0779473 0.499029 0.510587 -0.0873905 0.00516524
0.0777134 0.499029 0.510587 -0.0873905 0.00516524
0.0774803 0.521546 0.506025 -0.113234 0.00495363
0.0772479 0.478166 0.542479 -0.121488 0.00646737
0.0770161 0.496284 0.560082 -0.157254 0.00550023
0.0767851 0.496284 0.560082 -0.157254 0.00550023
0.0765547 0.54457 0.528166 -0.174059 0.00472252
0.076325 0.54457 0.528166 -0.174059 0.00472252
0.0760961 0.579175 0.540448 -0.228874 0.00431869
0.0758678 0.540683 0.555992 -0.212921 0.00450163
0.0756402 0.526421 0.59957 -0.261688 0.00452822
0.0754133 0.56185 0.551618 -0.223586 0.00437839
0.075187 0.546917 0.547069 -0.217692 0.00478398
0.0749615 0.546917 0.547069 -0.217692 0.00478398
0.0747366 0.50015 0.515306 -0.093819 0.00549726
0.0745124 0.506212 0.524516 -0.127584 0.00548423
0.0742888 0.461647 0.557225 -0.101896 0.00723112
0.074066 0.508554 0.534527 -0.152879 0.00525541
0.0738438 0.466051 0.569661 -0.113254 0.00677961
0.0736222 0.489052 0.601933 -0.194942 0.00570379
0.0734014 0.509961 0.642232 -0.275417 0.00494589
0.0731812 0.486496 0.631756 -0.222266 0.0065027
0.0729616 0.499577 0.654722 -0.277808 0.00579711
0.0727427 0.539925 0.690271 -0.364734 0.00411587
0.0725245 0.534476 0.712736 -0.355466 0.00414793
0.0723069 0.545554 0.728933 -0.390933 0.003827
0.07209 0.545554 0.728933 -0.390933 0.003827
0.0718737 0.555589 0.733601 -0.3994 0.00340002
0.0716581 0.60175 0.729126 -0.424227 0.00217153
0.0714431 0.627749 0.685706 -0.401461 0.00251834
0.0712288 0.645574 0.684904 -0.400091 0.00256605
0.0710151 0.633722 0.647979 -0.370528 0.00273675
0.0708021 0.633722 0.647979 -0.370528 0.00273675
0.0705897 0.633722 0.647979 -0.370528 0.00273675
0.0703779 0.648024 0.688508 -0.403668 0.00249356
0.0701668 0.644333 0.650806 -0.365516 0.00279759
0.0699563 0.676794 0.699958 -0.401769 0.00278266
0.0697464 0.707126 0.724949 -0.392565 0.00469375
0.0695372 0.702449 0.71534 -0.400421 0.00360558
0.0693286 0.689049 0.728013 -0.413185 0.0033625
0.0691206 0.657489 0.752505 -0.426835 0.00306579
0.0689132 0.619117 0.795642 -0.444037 0.00229988
0.0687065 0.589636 0.800868 -0.43909 0.00244203
0.0685003 0.617194 0.796337 -0.445284 0.0024242
0.0682948 0.586516 0.803242 -0.439817 0.00260745
0.06809 0.53721 0.766752 -0.386816 0.00434732
0.0678857 0.52106 0.753575 -0.362566 0.00522385
0.067682 0.554585 0.750927 -0.405491 0.00349412
0.067479 0.538988 0.712565 -0.374507 0.00406355
0.0672766 0.556534 0.731071 -0.395482 0.00334754
0.0670747 0.531436 0.692185 -0.347041 0.00445377
0.0668735 0.564309 0.723707 -0.402653 0.00326572
0.0666729 0.572762 0.674472 -0.380207 0.00307368
0.0664729 0.572762 0.674472 -0.380207 0.00307368
0.0662734 0.538859 0.66885 -0.353549 0.00420545
0.0660746 0.538859 0.66885 -0.353549 0.00420545
0.0658764 0.551875 0.663593 -0.352102 0.00362125
0.0656788 0.571581 0.711083 -0.406386 0.00288445
0.0654817 0.593408 0.66278 -0.37732 0.00278599
0.0652853 0.581244 0.671331 -0.371843 0.00287633
0.0650894 0.61798 0.679816 -0.394106 0.0023874
0.0648942 0.61798 0.679816 -0.394106 0.0023874
0.0646995 0.61798 0.679816 -0.394106 0.0023874
0.0645054 0.634684 0.697574 -0.406901 0.00227605
0.0643119 0.598685 0.695614 -0.400231 0.00230377
0.0641189 0.587897 0.677344 -0.390757 0.0027856
0.0639266 0.563703 0.687903 -0.381319 0.0032385
0.0637348 0.608145 0.730143 -0.428517 0.00221996
0.0635436 0.647026 0.777479 -0.43083 0.0030259
0.063353 0.632178 0.761413 -0.436959 0.00236317
0.0631629 0.678637 0.778664 -0.424492 0.00358843
0.0629734 0.718803 0.769117 -0.394508 0.00470277
0.0627845 0.718803 0.769117 -0.394508 0.00470277
0.0625961 0.690438 0.764926 -0.411921 0.00393868
0.0624083 0.67845 0.740726 -0.412753 0.00376351
0.0622211 0.644377 0.712933 -0.41546 0.00261004
0.0620345 0.608871 0.687137 -0.401664 0.00256242
0.0618484 0.572349 0.722632 -0.411774 0.00308623
0.0616628 0.599653 0.764824 -0.437689 0.00294717
0.0614778 0.646162 0.794091 -0.437138 0.00291737
0.0612934 0.646162 0.794091 -0.437138 0.00291737
0.0611095 0.646162 0.794091 -0.437138 0.00291737
0.0609262 0.693131 0.782038 -0.412802 0.00473088
0.0607434 0.67606 0.777152 -0.429168 0.0035504
0.0605612 0.687833 0.751561 -0.419822 0.00329992
0.0603795 0.652688 0.763408 -0.432611 0.00301733
0.0601983 0.651954 0.737484 -0.42391 0.00284358
0.0600178 0.610237 0.779917 -0.442343 0.00249421
0.0598377 0.610237 0.779917 -0.442343 0.00249421
0.0596582 0.584417 0.804096 -0.438754 0.00251952
0.0594792 0.600889 0.819097 -0.441619 0.00265173
0.0593008 0.647895 0.825573 -0.435132 0.00423337
0.0591229 0.629115 0.778622 -0.443393 0.0024214
0.0589455 0.629115 0.778622 -0.443393 0.0024214
0.0587687 0.616869 0.795058 -0.444683 0.00244254
0.0585924 0.630797 0.836079 -0.434946 0.003316
0.0584166 0.589637 0.8495 -0.433805 0.00254442
0.0582413 0.549895 0.799932 -0.394833 0.00375074
0.0580666 0.581502 0.796815 -0.433353 0.00277732
0.0578924 0.579817 0.778278 -0.433795 0.00269954
0.0577187 0.617594 0.733623 -0.428623 0.00210701
0.0575456 0.578025 0.686511 -0.39027 0.00280313
0.0573729 0.578025 0.686511 -0.39027 0.00280313
0.0572008 0.609517 0.699754 -0.409941 0.0024272
0.0570292 0.61224 0.696693 -0.405094 0.002359
0.0568581 0.609044 0.706933 -0.415621 0.00233537
0.0566876 0.609044 0.706933 -0.415621 0.00233537
0.0565175 0.595418 0.734113 -0.420384 0.00242733
0.0563479 0.643849 0.770575 -0.438896 0.00260077
0.0561789 0.641202 0.730758 -0.422691 0.00249252
0.0560104 0.600171 0.70897 -0.410053 0.00237782
0.0558423 0.645887 0.695863 -0.402132 0.00267635
0.0556748 0.609854 0.708016 -0.41177 0.00225897
0.0555078 0.618627 0.685249 -0.395298 0.00245759
0.0553413 0.660994 0.720381 -0.412932 0.00276733
0.0551752 0.647102 0.755159 -0.433361 0.00240237
0.0550097 0.647102 0.755159 -0.433361 0.00240237
0.0548447 0.619945 0.768157 -0.440617 0.0021985
0.0546801 0.619945 0.768157 -0.440617 0.0021985
0.0545161 0.600288 0.734515 -0.429352 0.00227983
0.0543526 0.551027 0.705187 -0.389911 0.00353383
0.0541895 0.551027 0.705187 -0.389911 0.00353383
0.0540269 0.551027 0.705187 -0.389911 0.00353383
0.0538648 0.587004 0.754595 -0.428631 0.00256352
0.0537033 0.583864 0.746675 -0.427024 0.00254556
0.0535421 0.633124 0.723869 -0.424143 0.00226318
0.0533815 0.597074 0.711713 -0.416298 0.00245131
0.0532214 0.614767 0.753917 -0.435331 0.00212582
0.0530617 0.607834 0.79119 -0.442282 0.00289701
0.0529025 0.584791 0.767522 -0.430837 0.00248719
0.0527438 0.584791 0.767522 -0.430837 0.00248719
0.0525856 0.575573 0.726947 -0.418972 0.00296687
0.0524278 0.597865 0.763296 -0.438757 0.00222223
0.0522705 0.592078 0.785966 -0.437853 0.00254904
0.0521137 0.571747 0.738243 -0.412264 0.00280764
0.0519574 0.580739 0.714871 -0.411123 0.00266629
0.0518015 0.614135 0.747111 -0.436184 0.00231836
0.0516461 0.614135 0.747111 -0.436184 0.00231836
0.0514912 0.625557 0.744555 -0.433535 0.00215934
0.0513367 0.654407 0.727971 -0.420088 0.00259064
0.0511827 0.657347 0.720663 -0.421668 0.00235493
0.0510291 0.61238 0.767445 -0.440392 0.00225425
0.0508761 0.617596 0.789166 -0.44078 0.0026085
0.0507234 0.649221 0.756175 -0.434778 0.00268953
0.0505713 0.611153 0.733363 -0.423934 0.00223406
0.0504195 0.616911 0.76569 -0.444901 0.00216733
0.0502683 0.616911 0.76569 -0.444901 0.00216733
0.0501175 0.598486 0.770176 -0.440157 0.00224145
0.0499671 0.621686 0.74468 -0.426902 0.00336594
0.0498172 0.628852 0.703167 -0.413727 0.00224941
0.0496678 0.651996 0.678712 -0.388679 0.002858
0.0495188 0.695463 0.661395 -0.371668 0.00355649
0.0493702 0.736729 0.685211 -0.367445 0.00418283
0.0492221 0.753881 0.735058 -0.368873 0.0053782
0.0490744 0.769618 0.728383 -0.36603 0.00534473
0.0489272 0.732512 0.694309 -0.364359 0.00453084
0.0487804 0.712203 0.713639 -0.394148 0.00405398
0.0486341 0.664154 0.72703 -0.42027 0.00288519
0.0484882 0.631701 0.679774 -0.402093 0.0024635
0.0483427 0.631701 0.679774 -0.402093 0.0024635
0.0481977 0.631701 0.679774 -0.402093 0.0024635
0.0480531 0.632349 0.689582 -0.405022 0.00234706
0.0479089 0.67639 0.727591 -0.410795 0.00303215
0.0477652 0.64348 0.72834 -0.42877 0.00220645
0.0476219 0.668318 0.759446 -0.42497 0.0030797
0.0474791 0.668318 0.759446 -0.42497 0.0030797
0.0473366 0.668318 0.759446 -0.42497 0.0030797
0.0471946 0.651439 0.752331 -0.429046 0.0027918
0.047053 0.631673 0.70565 -0.414035 0.00222967
0.0469119 0.620331 0.737506 -0.429741 0.00218912
0.0467711 0.620331 0.737506 -0.429741 0.00218912
0.0466308 0.59571 0.757278 -0.433867 0.0023654
0.0464909 0.59571 0.757278 -0.433867 0.0023654
0.0463515 0.548831 0.75352 -0.398933 0.00380671
0.0462124 0.562357 0.785101 -0.417957 0.00327614
0.0460738 0.572104 0.813887 -0.425566 0.00274851
0.0459355 0.572104 0.813887 -0.425566 0.00274851
0.0457977 0.572104 0.813887 -0.425566 0.00274851
0.0456603 0.60836 0.85727 -0.436576 0.00267671
0.0455234 0.60836 0.85727 -0.436576 0.00267671
0.0453868 0.60836 0.85727 -0.436576 0.00267671
0.0452506 0.60836 0.85727 -0.436576 0.00267671
0.0451149 0.60836 0.85727 -0.436576 0.00267671
0.0449795 0.602562 0.807572 -0.440531 0.00255276
0.0448446 0.568319 0.773502 -0.422075 0.0029768
0.0447101 0.554951 0.732199 -0.396127 0.00342047
0.0445759 0.554951 0.732199 -0.396127 0.00342047
0.0444422 0.60455 0.717073 -0.418011 0.00235881
0.0443089 0.574556 0.751878 -0.41868 0.00278912
0.0441759 0.607544 0.783883 -0.439764 0.00238951
0.0440434 0.647405 0.762751 -0.434042 0.00247214
0.0439113 0.664834 0.7938 -0.423134 0.0034875
0.0437796 0.64936 0.839173 -0.429228 0.00361456
0.0436482 0.652605 0.835453 -0.433392 0.00350424
0.0435173 0.612571 0.842682 -0.43589 0.0025653
0.0433867 0.612571 0.842682 -0.43589 0.0025653
0.0432566 0.622289 0.877767 -0.422059 0.00332116
0.0431268 0.648117 0.879261 -0.406251 0.00562661
0.0429974 0.626361 0.860253 -0.431131 0.00331847
0.0428684 0.626361 0.860253 -0.431131 0.00331847
0.0427398 0.660432 0.89981 -0.395163 0.00515643
0.0426116 0.672252 0.873869 -0.40462 0.00477198
0.0424838 0.672252 0.873869 -0.40462 0.00477198
0.0423563 0.672252 0.873869 -0.40462 0.00477198
0.0422292 0.672252 0.873869 -0.40462 0.00477198
0.0421026 0.645452 0.827797 -0.434991 0.00312848
0.0419762 0.645452 0.827797 -0.434991 0.00312848
0.0418503 0.660863 0.821482 -0.434799 0.00362483
0.0417248 0.693643 0.78082 -0.396736 0.00524934
0.0415996 0.732526 0.759541 -0.377735 0.00526117
0.0414748 0.732526 0.759541 -0.377735 0.00526117
0.0413504 0.733795 0.730378 -0.379198 0.00544923
0.0412263 0.7074 0.72215 -0.382436 0.00458935
0.0411026 0.718425 0.684617 -0.370953 0.00424195
0.0409793 0.728952 0.698986 -0.380239 0.00492371
0.0408564 0.696334 0.748315 -0.402306 0.00409525
0.0407338 0.703366 0.718956 -0.401388 0.00348818
0.0406116 0.67399 0.722046 -0.41397 0.00313823
0.0404898 0.695915 0.700527 -0.390651 0.00353811
0.0403683 0.688564 0.673378 -0.377161 0.0034769
0.0402472 0.677486 0.688049 -0.388046 0.0031106
0.0401265 0.718975 0.682196 -0.375154 0.00446655
0.0400061 0.718975 0.682196 -0.375154 0.00446655
0.0398861 0.706299 0.69595 -0.380383 0.00394991
0.0397664 0.751109 0.721566 -0.369525 0.00484007
0.0396471 0.800413 0.676916 -0.321812 0.00779855
0.0395282 0.779993 0.681181 -0.338683 0.00582964
0.0394096 0.779415 0.633252 -0.329268 0.00638886
0.0392914 0.791258 0.628383 -0.324673 0.00562154
0.0391735 0.818375 0.676136 -0.327146 0.00610278
0.039056 0.818375 0.676136 -0.327146 0.00610278
0.0389388 0.774386 0.697185 -0.348094 0.0059562
0.038822 0.771723 0.663895 -0.341295 0.00571552
0.0387055 0.767301 0.703447 -0.354995 0.00559734
0.0385894 0.767301 0.703447 -0.354995 0.00559734
0.0384736 0.767301 0.703447 -0.354995 0.00559734
0.0383582 0.723258 0.706711 -0.372211 0.00537753
0.0382431 0.723258 0.706711 -0.372211 0.00537753
0.0381284 0.684664 0.752424 -0.413636 0.00376973
0.038014 0.642746 0.750122 -0.433178 0.00245663
0.0379 0.641206 0.779759 -0.439047 0.00278217
0.0377863 0.676987 0.790613 -0.416817 0.004759
0.0376729 0.685877 0.79253 -0.422804 0.00361482
0.0375599 0.685877 0.79253 -0.422804 0.00361482
0.0374472 0.689129 0.743395 -0.405684 0.00358457
0.0373349 0.669391 0.777596 -0.420897 0.00363928
0.0372229 0.658247 0.757075 -0.426428 0.00299845
0.0371112 0.6717 0.787878 -0.427007 0.00336245
0.0369999 0.662528 0.799971 -0.425113 0.00497873
0.0368889 0.621329 0.793818 -0.442196 0.00261083
0.0367782 0.609544 0.764696 -0.43925 0.00246418
0.0366679 0.640908 0.751252 -0.428401 0.00246511
0.0365579 0.686949 0.726943 -0.407867 0.00324078
0.0364482 0.686949 0.726943 -0.407867 0.00324078
0.0363389 0.686949 0.726943 -0.407867 0.00324078
0.0362298 0.686949 0.726943 -0.407867 0.00324078
0.0361211 0.697969 0.724041 -0.405402 0.00332921
0.0360128 0.697969 0.724041 -0.405402 0.00332921
0.0359047 0.70799 0.724259 -0.396464 0.00395648
0.035797 0.75587 0.757245 -0.362325 0.0060377
0.0356896 0.75587 0.757245 -0.362325 0.0060377
0.0355826 0.716358 0.734605 -0.388038 0.00514418
0.0354758 0.667604 0.7238 -0.416111 0.00274518
0.0353694 0.708414 0.742159 -0.40178 0.00425738
0.0352633 0.701012 0.765357 -0.402133 0.00572187
0.0351575 0.689597 0.766503 -0.421384 0.00337367
0.035052 0.685012 0.795711 -0.417211 0.00431015
0.0349469 0.669926 0.779271 -0.425033 0.0037992
0.034842 0.637808 0.734122 -0.42675 0.00216537
0.0347375 0.668044 0.732888 -0.415794 0.00357566
0.0346333 0.658357 0.713137 -0.409366 0.0027827
0.0345294 0.643565 0.709067 -0.410302 0.00287397
0.0344258 0.640197 0.687364 -0.39993 0.0028287
0.0343225 0.666152 0.650015 -0.375656 0.00292063
0.0342196 0.706035 0.681634 -0.373563 0.00347776
0.0341169 0.689945 0.724377 -0.407169 0.00321984
0.0340145 0.667881 0.767686 -0.431603 0.00307793
0.0339125 0.623069 0.736132 -0.427176 0.00212232
0.0338108 0.653039 0.768457 -0.433281 0.00296894
0.0337093 0.623364 0.76219 -0.441444 0.00217662
0.0336082 0.623364 0.76219 -0.441444 0.00217662
0.0335074 0.623364 0.76219 -0.441444 0.00217662
0.0334069 0.662758 0.777028 -0.427026 0.00327926
0.0333066 0.662758 0.777028 -0.427026 0.00327926
0.0332067 0.680959 0.811217 -0.415186 0.00507301
0.0331071 0.680959 0.811217 -0.415186 0.00507301
0.0330078 0.636129 0.769736 -0.439973 0.00258779
0.0329088 0.644277 0.815525 -0.438327 0.00303198
0.03281 0.643109 0.805911 -0.436787 0.00342981
0.0327116 0.609166 0.769085 -0.442024 0.00212663
0.0326135 0.566022 0.761725 -0.417455 0.00303463
0.0325156 0.608956 0.751521 -0.440847 0.00225314
0.0324181 0.624386 0.795902 -0.441769 0.00221612
0.0323208 0.615728 0.756899 -0.440903 0.0020521
0.0322239 0.611946 0.766709 -0.43809 0.00260039
0.0321272 0.611946 0.766709 -0.43809 0.00260039
0.0320308 0.61663 0.775137 -0.439819 0.00235111
0.0319347 0.611255 0.727584 -0.424698 0.00224706
0.0318389 0.624115 0.723512 -0.421766 0.00221821
0.0317434 0.656237 0.720896 -0.41474 0.00270501
0.0316482 0.648225 0.769663 -0.431144 0.00273663
0.0315532 0.649417 0.812829 -0.43021 0.00344759
0.0314586 0.649417 0.812829 -0.43021 0.00344759
0.0313642 0.61502 0.832356 -0.439259 0.00257623
0.0312701 0.61502 0.832356 -0.439259 0.00257623
0.0311763 0.616753 0.797633 -0.446511 0.00239902
0.0310827 0.656666 0.844562 -0.422574 0.00510985
0.0309895 0.621081 0.808396 -0.445086 0.00249472
0.0308965 0.574684 0.771821 -0.42923 0.00278589
0.0308038 0.574684 0.771821 -0.42923 0.00278589
0.0307114 0.610098 0.818728 -0.447047 0.00224717
0.0306193 0.589863 0.808216 -0.441324 0.00255675
0.0305274 0.603979 0.813459 -0.436796 0.00260386
0.0304359 0.603979 0.813459 -0.436796 0.00260386
0.0303445 0.592365 0.828149 -0.433484 0.00257407
0.0302535 0.616756 0.814483 -0.446287 0.00226818
0.0301628 0.616085 0.774029 -0.442608 0.00211239
0.0300723 0.625125 0.776806 -0.442295 0.00269986
0.029982 0.657679 0.782342 -0.431132 0.00281016
0.0298921 0.622299 0.806135 -0.444556 0.00244714
0.0298024 0.661351 0.756518 -0.423618 0.00357873
0.029713 0.661351 0.756518 -0.423618 0.00357873
0.0296239 0.661351 0.756518 -0.423618 0.00357873
0.029535 0.626801 0.737384 -0.430531 0.00236129
0.0294464 0.660285 0.764927 -0.43071 0.00384653
0.0293581 0.639811 0.732462 -0.429021 0.00246756
0.02927 0.638583 0.699103 -0.408494 0.00232417
0.0291822 0.642987 0.730779 -0.424666 0.0023321
0.0290946 0.599409 0.743927 -0.428854 0.00231505
0.0290074 0.599409 0.743927 -0.428854 0.00231505
0.0289203 0.62205 0.743571 -0.431611 0.00191047
0.0288336 0.667834 0.726241 -0.415118 0.00300934
0.0287471 0.667834 0.726241 -0.415118 0.00300934
0.0286608 0.625159 0.727046 -0.424012 0.00228361
0.0285748 0.652131 0.749864 -0.430659 0.00230748
0.0284891 0.644488 0.734813 -0.425812 0.0026012
0.0284037 0.644488 0.734813 -0.425812 0.0026012
0.0283184 0.626566 0.74576 -0.431387 0.00251234
0.0282335 0.672028 0.717628 -0.406323 0.00332806
0.0281488 0.636789 0.718097 -0.42403 0.0021376
0.0280643 0.598332 0.74838 -0.430616 0.00221993
0.0279801 0.598332 0.74838 -0.430616 0.00221993
0.0278962 0.640914 0.712825 -0.414986 0.0024344
0.0278125 0.640914 0.712825 -0.414986 0.0024344
0.0277291 0.669067 0.734041 -0.41648 0.00318732
0.0276459 0.678148 0.767401 -0.42132 0.00367513
0.027563 0.678148 0.767401 -0.42132 0.00367513
0.0274803 0.660173 0.78253 -0.434947 0.00290881
0.0273978 0.68155 0.804762 -0.416215 0.00394087
0.0273156 0.662882 0.847403 -0.413214 0.00521493
0.0272337 0.679948 0.806486 -0.426216 0.00413242
0.027152 0.679948 0.806486 -0.426216 0.00413242
0.0270705 0.642864 0.787826 -0.442423 0.00270647
0.0269893 0.605547 0.798079 -0.445355 0.00224819
0.0269083 0.593638 0.827673 -0.438259 0.00264668
0.0268276 0.636001 0.849479 -0.435593 0.00307006
0.0267471 0.638049 0.834215 -0.433007 0.0034461
0.0266669 0.659706 0.832377 -0.434264 0.00341644
0.0265869 0.657912 0.851521 -0.416405 0.00471595
0.0265071 0.672744 0.823952 -0.416458 0.00434962
0.0264276 0.690697 0.805778 -0.409738 0.00497376
0.0263483 0.641954 0.796853 -0.437689 0.00389278
0.0262693 0.641954 0.796853 -0.437689 0.00389278
0.0261905 0.593454 0.813673 -0.437968 0.00242228
0.0261119 0.603232 0.810489 -0.441345 0.00264402
0.0260336 0.639815 0.765601 -0.437469 0.00229465
0.0259555 0.601515 0.803468 -0.440509 0.0025906
0.0258776 0.606794 0.75905 -0.439579 0.00212529
0.0258 0.642496 0.75576 -0.429831 0.00305383
0.0257226 0.640658 0.795262 -0.443126 0.00265556
0.0256454 0.617388 0.815379 -0.439639 0.00264243
0.0255685 0.568669 0.841721 -0.414374 0.00304297
0.0254918 0.585699 0.851475 -0.430759 0.0027967
0.0254153 0.62357 0.837815 -0.438594 0.00305915
0.025339 0.589299 0.863248 -0.421735 0.00280986
0.025263 0.589299 0.863248 -0.421735 0.00280986
0.0251872 0.61674 0.815499 -0.445433 0.00240047
0.0251117 0.592242 0.798546 -0.4405 0.00242803
0.0250363 0.594099 0.816575 -0.436572 0.00263053
0.0249612 0.621387 0.780245 -0.444015 0.00210014
0.0248863 0.621387 0.780245 -0.444015 0.00210014
0.0248117 0.62541 0.770384 -0.437872 0.00236474
0.0247373 0.586524 0.73042 -0.426126 0.00253311
0.024663 0.627877 0.748753 -0.431864 0.00265077
0.0245891 0.627877 0.748753 -0.431864 0.00265077
0.0245153 0.65736 0.769621 -0.429213 0.00325398
0.0244417 0.689803 0.72793 -0.405005 0.0036961
0.0243684 0.689803 0.72793 -0.405005 0.0036961
0.0242953 0.692861 0.681126 -0.383416 0.00333442
0.0242224 0.674571 0.710226 -0.40267 0.00318016
0.0241498 0.648828 0.693231 -0.40276 0.00274604
0.0240773 0.626449 0.737495 -0.433371 0.00220922
0.0240051 0.626449 0.737495 -0.433371 0.00220922
0.0239331 0.626449 0.737495 -0.433371 0.00220922
0.0238613 0.674095 0.775832 -0.426922 0.00343316
0.0237897 0.653708 0.768623 -0.437047 0.00262651
0.0237183 0.648543 0.749265 -0.427961 0.00293372
0.0236472 0.67598 0.75474 -0.423623 0.00341216
0.0235762 0.67598 0.75474 -0.423623 0.00341216
0.0235055 0.67598 0.75474 -0.423623 0.00341216
0.023435 0.67598 0.75474 -0.423623 0.00341216
0.0233647 0.630703 0.750805 -0.435047 0.00236086
0.0232946 0.590299 0.754353 -0.432624 0.00237978
0.0232247 0.54653 0.753873 -0.390194 0.00368857
0.023155 0.570577 0.759968 -0.427338 0.00304687
0.0230855 0.570577 0.759968 -0.427338 0.00304687
0.0230163 0.570577 0.759968 -0.427338 0.00304687
0.0229472 0.560588 0.790489 -0.418204 0.00327888
0.0228784 0.602294 0.828273 -0.437852 0.00267593
0.0228098 0.602294 0.828273 -0.437852 0.00267593
0.0227413 0.63717 0.78294 -0.440468 0.00292179
0.0226731 0.617298 0.826668 -0.440878 0.00254479
0.0226051 0.646769 0.823464 -0.439937 0.00339239
0.0225373 0.602531 0.832725 -0.435228 0.00282794
0.0224697 0.586602 0.81308 -0.437002 0.00257842
0.0224023 0.562783 0.852133 -0.401079 0.00324462
0.022335 0.573379 0.891202 -0.390643 0.00347609
0.022268 0.58976 0.860738 -0.422437 0.00283117
0.0222012 0.621783 0.854653 -0.43218 0.00355757
0.0221346 0.621783 0.854653 -0.43218 0.00355757
0.0220682 0.611099 0.866318 -0.426875 0.00272573
0.022002 0.621 0.829234 -0.439469 0.00251764
0.021936 0.618863 0.867606 -0.431906 0.0028105
0.0218702 0.588091 0.82014 -0.432822 0.00244795
0.0218046 0.566687 0.826212 -0.425001 0.00315651
0.0217392 0.605743 0.867472 -0.42549 0.00336357
0.021674 0.579136 0.870118 -0.409262 0.00297462
0.0216089 0.538562 0.885693 -0.340135 0.00426236
0.0215441 0.538562 0.885693 -0.340135 0.00426236
0.0214795 0.55152 0.890779 -0.369624 0.00372306
0.021415 0.55152 0.890779 -0.369624 0.00372306
0.0213508 0.55152 0.890779 -0.369624 0.00372306
0.0212868 0.55152 0.890779 -0.369624 0.00372306
0.0212229 0.518733 0.850569 -0.330451 0.00540988
0.0211592 0.543665 0.854598 -0.382467 0.00409132
0.0210957 0.543665 0.854598 -0.382467 0.00409132
0.0210325 0.543665 0.854598 -0.382467 0.00409132
0.0209694 0.587371 0.856074 -0.431519 0.00268784
0.0209065 0.588613 0.865064 -0.422939 0.00281736
0.0208437 0.588613 0.865064 -0.422939 0.00281736
0.0207812 0.613129 0.832135 -0.434284 0.00307936
0.0207189 0.606405 0.811444 -0.443543 0.00262638
0.0206567 0.612896 0.768172 -0.439468 0.00227271
0.0205947 0.612896 0.768172 -0.439468 0.00227271
0.0205329 0.566231 0.778915 -0.423702 0.00312407
0.0204713 0.566231 0.778915 -0.423702 0.00312407
0.0204099 0.566231 0.778915 -0.423702 0.00312407
0.0203487 0.566231 0.778915 -0.423702 0.00312407
0.0202877 0.553235 0.753418 -0.404442 0.00356095
0.0202268 0.552994 0.736504 -0.39093 0.00354902
0.0201661 0.551012 0.785703 -0.403025 0.00353534
0.0201056 0.557349 0.768871 -0.408676 0.00340493
0.0200453 0.603199 0.782631 -0.443162 0.00210715
0.0199852 0.603199 0.782631 -0.443162 0.00210715
0.0199252 0.599987 0.7965 -0.443668 0.00219304
0.0198654 0.599987 0.7965 -0.443668 0.00219304
0.0198058 0.608739 0.82559 -0.444591 0.00236454
0.0197464 0.627545 0.824878 -0.443443 0.00275636
0.0196872 0.627545 0.824878 -0.443443 0.00275636
0.0196281 0.597998 0.788398 -0.443171 0.00226337
0.0195692 0.636759 0.793396 -0.445562 0.00269355
0.0195105 0.664925 0.775759 -0.431366 0.00291214
0.019452 0.664974 0.824194 -0.425657 0.00403519
0.0193936 0.643054 0.820253 -0.437918 0.00316065
0.0193355 0.64159 0.821374 -0.440586 0.00342998
0.0192775 0.64159 0.821374 -0.440586 0.00342998
0.0192196 0.626845 0.829889 -0.443718 0.00275343
0.019162 0.608512 0.794083 -0.443462 0.00234986
0.0191045 0.608512 0.794083 -0.443462 0.00234986
0.0190472 0.604672 0.770391 -0.440234 0.00233499
0.01899 0.607985 0.728836 -0.427989 0.00217699
0.018933 0.571614 0.747505 -0.423573 0.00271371
0.0188762 0.614283 0.713686 -0.41613 0.00235641
0.0188196 0.610008 0.732864 -0.427384 0.00242821
0.0187632 0.610008 0.732864 -0.427384 0.00242821
0.0187069 0.609149 0.71377 -0.414807 0.00215123
0.0186508 0.642444 0.737706 -0.427208 0.00208699
0.0185948 0.669254 0.783356 -0.432574 0.00298331
0.018539 0.665818 0.815625 -0.430503 0.00394761
0.0184834 0.693793 0.794999 -0.415979 0.00378738
0.0184279 0.726786 0.782439 -0.390879 0.00518786
0.0183727 0.726786 0.782439 -0.390879 0.00518786
0.0183175 0.726786 0.782439 -0.390879 0.00518786
0.0182626 0.726786 0.782439 -0.390879 0.00518786
0.0182078 0.726786 0.782439 -0.390879 0.00518786
0.0181532 0.726786 0.782439 -0.390879 0.00518786
0.0180987 0.726786 0.782439 -0.390879 0.00518786
0.0180444 0.726786 0.782439 -0.390879 0.00518786
0.0179903 0.691365 0.832388 -0.399907 0.00519164
0.0179363 0.700822 0.800366 -0.402515 0.00469049
0.0178825 0.7095 0.816101 -0.401138 0.00503115
0.0178289 0.660204 0.830597 -0.430877 0.00406847
0.0177754 0.709189 0.814942 -0.396416 0.00485514
0.0177221 0.709189 0.814942 -0.396416 0.00485514
0.0176689 0.709189 0.814942 -0.396416 0.00485514
0.0176159 0.709189 0.814942 -0.396416 0.00485514
0.017563 0.700791 0.794144 -0.399009 0.00463129
0.0175103 0.700791 0.794144 -0.399009 0.00463129
0.0174578 0.689517 0.801562 -0.411708 0.00490123
0.0174054 0.675351 0.818076 -0.422169 0.00402163
0.0173532 0.690109 0.802849 -0.405117 0.00658399
0.0173012 0.640738 0.82448 -0.43436 0.0032153
0.0172493 0.640738 0.82448 -0.43436 0.0032153
0.0171975 0.608962 0.790176 -0.445311 0.00205485
0.0171459 0.608962 0.790176 -0.445311 0.00205485
0.0170945 0.642129 0.791682 -0.441711 0.0029789
0.0170432 0.624 0.757441 -0.4344 0.00246785
0.0169921 0.598849 0.738023 -0.428913 0.00220097
0.0169411 0.592682 0.779323 -0.437846 0.00237855
0.0168903 0.629686 0.808296 -0.446514 0.00239337
0.0168396 0.655119 0.764134 -0.431013 0.00290347
0.0167891 0.655743 0.811246 -0.429503 0.00412021
0.0167387 0.655743 0.811246 -0.429503 0.00412021
0.0166885 0.617603 0.825961 -0.438787 0.0062324
0.0166384 0.622893 0.826494 -0.442784 0.00269329
0.0165885 0.622893 0.826494 -0.442784 0.00269329
0.0165387 0.622893 0.826494 -0.442784 0.00269329
0.0164891 0.622893 0.826494 -0.442784 0.00269329
0.0164397 0.622893 0.826494 -0.442784 0.00269329
0.0163903 0.60314 0.833111 -0.440261 0.0025448
0.0163412 0.571511 0.821702 -0.426811 0.0030696
0.0162922 0.547317 0.787499 -0.399828 0.00380699
0.0162433 0.570804 0.818157 -0.428487 0.00293947
0.0161945 0.570804 0.818157 -0.428487 0.00293947
0.016146 0.570804 0.818157 -0.428487 0.00293947
0.0160975 0.555395 0.791615 -0.41529 0.00351493
0.0160492 0.582055 0.76598 -0.431982 0.00256335
0.0160011 0.582055 0.76598 -0.431982 0.00256335
0.0159531 0.616952 0.746878 -0.437995 0.00215929
0.0159052 0.616952 0.746878 -0.437995 0.00215929
0.0158575 0.616952 0.746878 -0.437995 0.00215929
0.0158099 0.576099 0.778018 -0.430931 0.0026586
0.0157625 0.576099 0.778018 -0.430931 0.0026586
0.0157152 0.607713 0.742306 -0.433446 0.00205845
0.0156681 0.592351 0.745267 -0.425252 0.00259419
0.0156211 0.592351 0.745267 -0.425252 0.00259419
0.0155742 0.632275 0.753667 -0.436923 0.00232112
0.0155275 0.632275 0.753667 -0.436923 0.00232112
0.0154809 0.634918 0.747956 -0.429925 0.00256294
0.0154345 0.634918 0.747956 -0.429925 0.00256294
0.0153882 0.650993 0.790136 -0.438094 0.00310748
0.015342 0.601846 0.758403 -0.433388 0.00220495
0.015296 0.605508 0.781417 -0.442097 0.00257143
0.0152501 0.605508 0.781417 -0.442097 0.00257143
0.0152043 0.605508 0.781417 -0.442097 0.00257143
0.0151587 0.567294 0.798496 -0.418562 0.003083
0.0151132 0.560388 0.767036 -0.412259 0.0031935
0.0150679 0.560388 0.767036 -0.412259 0.0031935
0.0150227 0.560388 0.767036 -0.412259 0.0031935
0.0149776 0.559981 0.762882 -0.413449 0.0031525
0.0149327 0.559981 0.762882 -0.413449 0.0031525
0.0148879 0.559472 0.735073 -0.409211 0.00341181
0.0148432 0.559472 0.735073 -0.409211 0.00341181
0.0147987 0.57094 0.714294 -0.40079 0.00295152
0.0147543 0.591658 0.688744 -0.398413 0.00271061
0.01471 0.603962 0.734281 -0.427471 0.00225131
0.0146659 0.652113 0.766859 -0.431457 0.00266675
0.0146219 0.609855 0.750289 -0.435299 0.00206782
0.014578 0.609855 0.750289 -0.435299 0.00206782
0.0145343 0.609855 0.750289 -0.435299 0.00206782
0.0144907 0.609855 0.750289 -0.435299 0.00206782
0.0144472 0.615523 0.793018 -0.443721 0.00228831
0.0144039 0.615523 0.793018 -0.443721 0.00228831
0.0143607 0.618642 0.783885 -0.444616 0.00220609
0.0143176 0.618642 0.783885 -0.444616 0.00220609
0.0142746 0.618642 0.783885 -0.444616 0.00220609
0.0142318 0.618642 0.783885 -0.444616 0.00220609
0.0141891 0.64547 0.760808 -0.431297 0.00267605
0.0141466 0.639166 0.779901 -0.43963 0.00244146
0.0141041 0.644816 0.822716 -0.437071 0.00334171
0.0140618 0.644816 0.822716 -0.437071 0.00334171
0.0140196 0.644816 0.822716 -0.437071 0.00334171
0.0139776 0.601202 0.812796 -0.443448 0.00234631
0.0139356 0.601202 0.812796 -0.443448 0.00234631
0.0138938 0.627764 0.787499 -0.441353 0.00245119
0.0138521 0.647556 0.783956 -0.436792 0.00297272
0.0138106 0.647556 0.783956 -0.436792 0.00297272
0.0137692 0.647556 0.783956 -0.436792 0.00297272
0.0137278 0.647556 0.783956 -0.436792 0.00297272
0.0136867 0.647556 0.783956 -0.436792 0.00297272
0.0136456 0.659769 0.745461 -0.428851 0.00264694
0.0136047 0.644806 0.724856 -0.417473 0.00276481
0.0135639 0.644806 0.724856 -0.417473 0.00276481
0.0135232 0.644806 0.724856 -0.417473 0.00276481
0.0134826 0.641811 0.713856 -0.412012 0.00290909
0.0134421 0.680912 0.727416 -0.410937 0.00339035
0.0134018 0.66804 0.758012 -0.424857 0.0028754
0.0133616 0.66804 0.758012 -0.424857 0.0028754
0.0133215 0.666849 0.804743 -0.431869 0.00360494
0.0132816 0.698975 0.796136 -0.405194 0.0051957
0.0132417 0.703533 0.807481 -0.396869 0.0051269
0.013202 0.682132 0.814346 -0.42053 0.00419823
0.0131624 0.635533 0.839744 -0.434744 0.00330813
0.0131229 0.588077 0.831137 -0.432383 0.00329204
0.0130835 0.588077 0.831137 -0.432383 0.00329204
0.0130443 0.62334 0.874048 -0.417031 0.00376929
0.0130051 0.62334 0.874048 -0.417031 0.00376929
0.0129661 0.62334 0.874048 -0.417031 0.00376929
0.0129272 0.598489 0.827914 -0.438429 0.00249895
0.0128885 0.598489 0.827914 -0.438429 0.00249895
0.0128498 0.598489 0.827914 -0.438429 0.00249895
0.0128112 0.62693 0.778622 -0.44497 0.00230831
0.0127728 0.640738 0.797841 -0.44264 0.00262941
0.0127345 0.617583 0.772201 -0.439306 0.00234929
0.0126963 0.653645 0.809146 -0.438552 0.00330514
0.0126582 0.653645 0.809146 -0.438552 0.00330514
0.0126202 0.653645 0.809146 -0.438552 0.00330514
0.0125824 0.653645 0.809146 -0.438552 0.00330514
0.0125446 0.609997 0.792339 -0.43935 0.00312078
0.012507 0.609997 0.792339 -0.43935 0.00312078
0.0124695 0.64666 0.796055 -0.43453 0.0031962
0.012432 0.632102 0.758362 -0.436738 0.0023345
0.0123948 0.659646 0.762735 -0.430727 0.00344791
0.0123576 0.659646 0.762735 -0.430727 0.00344791
0.0123205 0.615512 0.751213 -0.434094 0.00216871
0.0122835 0.615512 0.751213 -0.434094 0.00216871
0.0122467 0.636955 0.72372 -0.427147 0.00232869
0.0122099 0.598363 0.763593 -0.43436 0.00227147
0.0121733 0.640287 0.757903 -0.437183 0.00289062
0.0121368 0.640287 0.757903 -0.437183 0.00289062
0.0121004 0.615099 0.782591 -0.446575 0.00205654
0.0120641 0.615099 0.782591 -0.446575 0.00205654
0.0120279 0.615099 0.782591 -0.446575 0.00205654
0.0119918 0.610112 0.804166 -0.445948 0.0021565
0.0119558 0.616623 0.814701 -0.44225 0.00284208
0.01192 0.617807 0.819604 -0.445999 0.00261779
0.0118842 0.617807 0.819604 -0.445999 0.00261779
0.0118486 0.617807 0.819604 -0.445999 0.00261779
0.011813 0.617807 0.819604 -0.445999 0.00261779
0.0117776 0.610163 0.849626 -0.431084 0.00300378
0.0117422 0.610163 0.849626 -0.431084 0.00300378
0.011707 0.610163 0.849626 -0.431084 0.00300378
0.0116719 0.657041 0.835834 -0.430701 0.00344292
0.0116369 0.645784 0.803548 -0.43683 0.00329616
0.011602 0.622646 0.833551 -0.443359 0.00253992
0.0115672 0.616946 0.825686 -0.44226 0.00255122
0.0115325 0.61906 0.847659 -0.430053 0.0028524
0.0114979 0.61906 0.847659 -0.430053 0.0028524
0.0114634 0.653636 0.8006 -0.431693 0.00449085
0.011429 0.653636 0.8006 -0.431693 0.00449085
0.0113947 0.653636 0.8006 -0.431693 0.00449085
0.0113605 0.632894 0.800522 -0.441941 0.00293491
0.0113264 0.632894 0.800522 -0.441941 0.00293491
0.0112924 0.590352 0.755827 -0.431949 0.00247845
0.0112586 0.635169 0.771118 -0.439432 0.00269614
0.0112248 0.672489 0.746838 -0.423923 0.00277114
0.0111911 0.65305 0.730159 -0.424574 0.00251978
0.0111575 0.60339 0.771969 -0.437667 0.00225489
0.0111241 0.586162 0.808545 -0.434175 0.00270853
0.0110907 0.586162 0.808545 -0.434175 0.00270853
0.0110574 0.603675 0.858157 -0.435248 0.00256399
0.0110242 0.603675 0.858157 -0.435248 0.00256399
0.0109912 0.603675 0.858157 -0.435248 0.00256399
0.0109582 0.643044 0.825848 -0.433759 0.00366773
0.0109253 0.615139 0.865572 -0.425324 0.00329839
0.0108926 0.615139 0.865572 -0.425324 0.00329839
0.0108599 0.615139 0.865572 -0.425324 0.00329839
0.0108273 0.662676 0.843211 -0.420659 0.00455268
0.0107948 0.642566 0.851455 -0.424077 0.00402337
0.0107624 0.611477 0.842976 -0.440643 0.00272989
0.0107301 0.611477 0.842976 -0.440643 0.00272989
0.010698 0.611477 0.842976 -0.440643 0.00272989
0.0106659 0.611477 0.842976 -0.440643 0.00272989
0.0106339 0.588132 0.800773 -0.439961 0.00244868
0.010602 0.588132 0.800773 -0.439961 0.00244868
0.0105702 0.588132 0.800773 -0.439961 0.00244868
0.0105384 0.632203 0.794969 -0.445472 0.00279221
0.0105068 0.600955 0.795578 -0.441573 0.00238112
0.0104753 0.600955 0.795578 -0.441573 0.00238112
0.0104439 0.62655 0.825038 -0.441233 0.00270606
0.0104125 0.629686 0.788475 -0.443979 0.00227238
0.0103813 0.612604 0.81028 -0.44358 0.00235261
0.0103502 0.618059 0.802828 -0.448037 0.0021032
0.0103191 0.608534 0.776145 -0.441403 0.00222601
0.0102882 0.61018 0.787843 -0.44445 0.00229713
0.0102573 0.61018 0.787843 -0.44445 0.00229713
0.0102265 0.61018 0.787843 -0.44445 0.00229713
0.0101958 0.62595 0.813786 -0.444818 0.00273546
0.0101653 0.62595 0.813786 -0.444818 0.00273546
0.0101348 0.62595 0.813786 -0.444818 0.00273546
0.0101044 0.62595 0.813786 -0.444818 0.00273546
0.010074 0.588573 0.849353 -0.42521 0.00268564
0.0100438 0.631178 0.834043 -0.440594 0.00285314
0.0100137 0.631178 0.834043 -0.440594 0.00285314
