449.717
401.288
390.939
381.456
372.321
365.593
355.893
338.435
325.684
318.631
313.164
301.277
297.312
291.975
287.311
282.605
278.933
275.847
272.297
265.095
260.073
251.073
245.991
242.033
239.905
236.932
233.474
230.605
227.747
222.827
219.549
216.335
211.76
208.923
205.594
201.48
197.907
196.758
195.891
194.106
192.976
190.315
183.752
182.029
180.672
179.64
178.313
175.914
175.261
172.767
170.948
170.566
165.981
164.397
162.451
158.663
155.952
155.136
153.073
151.625
150.848
149.356
148.709
147.734
147.267
145.273
144.97
142.982
141.281
140.63
140.63
138.214
137.052
135.715
134.695
134.222
133.25
129.664
128.481
127.459
126.866
126.866
125.498
125.428
124.696
124.217
123.347
122.039
120.718
120.407
119.206
119.812
119.31
118.454
117.859
117.749
117.475
116.938
116.568
115.849
115.356
113.948
113.948
113.683
113.507
113.426
112.387
111.994
111.905
111.362
110.959
110.616
110.446
109.759
108.87
108.87
108.754
108.627
108.247
106.437
106.121
104.665
104.665
104.068
102.696
102.696
102.696
102.696
102.696
102.544
102.544
102.544
101.973
101.973
101.973
101.973
101.219
101.219
100.694
100.195
99.4398
98.915
98.1731
98.1731
98.1731
98.1731
98.1691
97.6281
97.4672
97.0542
96.6231
96.6231
96.6231
96.402
95.9702
95.7621
94.939
94.6895
94.2433
93.0162
92.2754
92.1638
90.8938
90.8938
90.8938
90.1177
90.0606
89.7118
89.0434
88.6962
87.6404
87.6404
87.3604
86.1747
85.894
85.8815
85.1813
84.5147
84.3074
84.1632
84.0917
83.9989
83.9275
83.3376
83.1738
83.0433
82.934
82.934
82.934
82.934
82.934
82.934
82.934
82.934
82.934
82.934
82.934
82.934
82.934
82.9263
82.7472
82.7396
82.7396
81.6812
82.7392
82.2852
82.2852
82.2852
82.2852
82.239
82.239
82.239
82.239
82.239
81.9616
81.6126
81.3743
81.0968
81.0968
81.0968
80.8199
80.7326
80.6763
79.8916
79.8916
79.8916
78.9038
78.9038
78.9038
78.9038
78.9038
78.9038
78.9038
78.5086
78.5086
78.5086
78.5086
78.5086
78.5086
78.5086
78.5086
78.5086
78.5086
78.5086
78.3513
78.3513
78.2825
78.1447
78.0759
78.0759
78.0759
78.0759
78.0759
78.0759
78.0759
78.0759
78.0759
78.0759
78.0759
78.032
77.7568
77.71
77.6661
77.475
77.475
77.475
77.4203
77.1095
77.0189
77.0189
77.0189
76.0134
76.0134
75.8386
75.8386
75.8386
75.8386
75.8386
75.8386
75.8386
75.8386
75.8386
75.8386
75.5031
75.391
75.0183
74.8881
74.8881
74.8881
74.8881
74.8881
74.8881
74.8881
74.8881
74.8881
74.7737
74.3552
74.3552
74.3552
74.3552
74.2978
74.2978
74.2344
74.2344
74.2344
74.2344
74.2344
74.2344
74.2344
74.2344
74.2344
74.2344
74.2344
74.2344
74.1876
74.1876
74.1876
74.1876
74.1876
74.1876
74.1876
74.1876
74.1876
74.1876
74.1876
74.1876
74.1876
74.1345
74.1345
74.1345
73.9449
73.9449
73.9449
73.9449
73.9449
73.6517
73.6517
73.6517
73.6517
73.6517
73.6517
73.6517
73.6517
73.6517
73.6517
73.6517
73.6517
73.6517
73.6517
73.6517
73.6517
73.6517
73.6517
73.6517
73.6517
73.6517
73.6517
73.6517
73.6517
73.6517
73.6517
73.6517
73.6517
73.6517
73.6517
73.6517
73.6517
73.6517
73.6517
73.6517
73.6517
73.6517
73.6517
73.6517
73.6517
73.6517
73.6517
73.6517
73.6517
73.6517
73.6517
73.6517
73.6517
73.6517
73.6517
73.6517
73.6517
73.6517
73.6517
73.6517
73.6517
73.6517
73.6517
73.6358
73.6358
73.1601
73.1601
73.1601
73.1601
73.1601
73.1601
73.1601
73.1601
73.1601
73.1601
73.1601
73.1601
73.1601
73.1601
73.1601
73.1601
73.1601
73.1601
73.1601
73.1601
73.1601
73.1601
73.1601
73.1601
73.1601
73.1512
72.6832
72.356
72.356
72.356
72.356
71.6553
71.6553
71.6553
71.4418
71.4197
71.3766
71.3766
71.2531
71.21
71.21
71.21
71.21
71.21
71.21
71.21
71.21
71.21
71.21
71.21
71.21
71.21
71.21
71.21
71.21
71.21
71.21
71.21
71.21
71.21
71.21
71.21
71.21
71.21
71.21
71.21
71.21
71.21
71.21
71.21
71.21
71.21
71.21
71.21
71.21
71.21
71.21
71.21
71.21
71.21
71.21
71.21
71.21
71.21
70.9762
70.7707
70.7707
70.7707
70.7707
70.7707
70.7707
70.7707
70.7707
70.7707
70.5438
70.5438
70.5438
70.5438
70.5438
70.5438
70.5438
70.5438
70.5438
70.5438
70.2654
70.2654
