449.18
427.682
413.944
394.722
368.394
358.399
349.941
339.62
331.971
324.903
321.028
312.956
309.103
304.933
299.224
294.72
288.142
283.119
271.017
267.603
263.575
259.383
253.994
251.949
248.049
242.623
240.753
238.258
232.125
226.606
223.203
218.968
217.5
215.892
211.67
206.621
205.089
198.226
194.321
193.54
192.779
189.562
185.307
182.811
181.96
179.056
177.152
175.908
173.695
171.232
170.092
169.3
168.425
167.223
165.812
165.05
162.972
159.572
159.468
155.142
153.875
151.911
151.807
144.827
144.037
142.84
141.616
140.114
138.663
137.729
136.549
136.054
135.254
134.559
133.303
131.558
129.551
128.268
126.619
124.758
124.758
123.082
122.337
120.767
118.229
114.749
113.598
112.076
111.311
111.25
111.065
110.874
110.689
110.628
110.087
110.026
109.632
109.271
109.05
107.25
107.089
106.334
105.755
105.643
105.569
105.235
104.809
104.739
102.493
102.177
101.342
101.194
100.475
99.8322
99.8322
99.4285
99.045
98.9654
98.5276
97.2682
97.121
95.8614
95.8614
95.185
95.3204
95.0766
95.0766
94.4265
94.0171
93.4925
93.143
92.9035
92.9035
92.9019
92.7096
92.708
92.5358
92.5358
92.2879
91.5305
91.1683
90.6073
89.5996
89.3517
88.4184
88.4184
88.4184
88.2617
88.2617
88.2617
88.0715
88.0715
87.9621
87.1629
87.0534
87.0534
86.8927
86.3495
86.0596
85.868
84.9433
84.617
84.1328
84.0889
84.0889
84.0889
84.0889
84.0889
84.0889
84.0889
84.0889
83.8144
83.6955
82.5442
82.4396
82.4396
82.1059
80.9858
80.9858
80.9858
80.9858
80.5824
80.5824
80.5824
80.5824
80.5824
80.5824
80.5824
80.5824
80.5824
80.5824
80.2935
80.2935
80.2935
80.293
80.2029
79.8809
79.7904
79.7904
79.7904
79.7904
79.7904
79.7904
79.7904
79.7904
79.7904
79.7904
79.7904
79.7038
79.3461
79.3461
78.5298
78.5298
78.5298
78.5298
78.2992
78.2493
78.0187
78.0187
77.7204
77.7204
77.435
77.435
77.4129
77.4129
77.3697
77.3697
77.3697
77.3602
77.3602
77.3602
77.3602
77.3602
77.3602
77.3602
77.3602
77.3602
77.3602
77.3071
77.3071
77.3071
77.3071
77.3071
77.3071
77.3071
77.3071
77.3071
77.3071
77.3071
77.3071
77.3071
77.3071
77.3071
77.3071
77.3071
77.3029
77.0776
77.0776
77.0776
77.0776
76.8799
76.8799
76.8799
76.8799
76.8799
76.8799
76.8799
76.8799
76.8799
76.8799
76.8799
76.8799
76.8799
76.8799
76.8799
76.8799
76.8799
76.8799
76.8799
76.8799
76.8799
76.8799
76.8799
76.8799
76.7533
76.6867
76.5357
76.5357
76.4734
76.4734
76.4734
76.4734
76.4734
76.4734
76.4734
76.4734
76.4734
76.4734
76.4734
76.4734
76.4734
76.4734
76.4734
76.4734
76.3664
76.055
76.055
76.055
76.055
76.055
76.055
76.055
75.2541
75.2541
75.2541
75.2541
75.2541
75.2541
75.1641
75.1641
75.1641
75.1641
75.1641
75.1641
75.1641
75.1641
75.1641
75.1641
75.0097
75.0097
75.0097
75.0097
75.0097
75.0097
75.0097
75.0097
75.0097
75.0097
75.0097
75.0097
75.0097
75.0097
75.0097
75.0097
75.0097
75.0097
75.0097
75.0097
74.5803
74.5803
74.5803
74.5803
74.5668
74.2261
74.2126
74.2126
74.2126
74.2126
74.2126
74.2126
74.2126
74.2126
74.2126
74.2126
74.0886
72.8593
72.8593
72.8593
72.8593
72.8593
72.8593
72.8593
72.8593
72.8593
72.8593
72.8593
72.8593
72.8593
72.8593
72.8593
72.8593
72.8593
72.8593
72.8593
72.8593
72.8593
72.8593
72.8593
72.8593
72.7756
72.7756
72.7756
72.7756
72.7756
72.7756
72.7756
72.7756
72.7756
72.7756
72.7756
72.7756
72.7756
72.7756
72.7756
72.7756
72.7756
72.7756
72.7756
72.7756
72.7756
72.7756
72.7756
72.7756
72.7756
72.7756
72.7756
72.7756
72.7756
72.7756
72.7756
72.7756
72.7756
72.7756
72.7756
72.7756
72.7756
72.7756
72.7756
72.7756
72.7756
72.7756
72.7756
72.7756
72.7756
72.7756
72.7756
72.7756
72.7756
72.7756
72.7756
72.7756
72.7756
72.7756
72.7756
72.7756
72.7756
72.7756
72.7756
72.7756
72.7756
72.7756
72.7756
72.7756
72.7756
72.7741
72.4812
72.4812
72.4812
72.4399
72.4399
72.4399
72.4399
72.4399
72.4399
72.4399
72.4399
72.0668
72.0668
72.0668
72.0668
72.0668
72.0668
72.0668
72.0668
72.0668
72.0668
72.0668
72.0668
72.0668
72.0668
72.0668
72.0668
72.0668
72.0668
72.0668
72.0668
72.0668
72.0668
72.0668
72.0668
72.0668
72.0668
72.0668
72.0668
72.0668
72.0668
72.0668
72.0668
72.0668
72.0668
72.0668
