492.266
462.581
441.208
415.712
397.242
384.525
376.107
361.94
351.879
345.057
336.89
330.332
324.192
317.461
312.27
304.062
294.931
288.407
281.51
275.8
268.875
263.468
259.053
254.821
252.327
246.228
240.304
233.565
228.856
225.247
222.061
218.566
214.898
212.694
210.452
206.025
201.879
198.016
195.919
192.084
186.641
183.828
182.106
179.425
172.764
169.868
167.542
164.19
162.092
160.612
158.364
157.43
156.627
154.829
153.083
152.226
151.639
150.046
148.136
147.147
146.077
144.191
142.132
139.84
138.514
137.81
137.213
136.512
135.368
134.276
133.673
133.321
132.595
132.052
130.37
130.405
130.125
128.693
128.325
127.718
126.831
126.251
125.905
124.174
122.628
122.055
121.563
120.544
119.666
118.72
118.244
117.438
116.223
115.925
115.854
115.427
114.523
113.896
113.463
112.885
112.27
111.966
111.507
110.874
110.868
110.79
110.625
109.893
108.074
106.952
106.196
105.925
105.82
105.459
105.092
105.067
105.066
105.047
104.833
104.295
104.062
105.611
107.058
104.484
102.375
102.015
101.958
101.811
101.392
101.125
100.674
99.7931
98.8415
97.8247
97.6378
97.2292
97.045
96.978
96.8696
96.8522
96.8503
96.8395
97.357
98.7551
95.885
93.7191
92.9408
92.4266
92.2147
91.8097
91.1822
90.5563
90.0807
88.8522
88.0143
87.8344
87.4394
87.2694
87.1654
87.0065
86.9988
86.9863
86.5796
85.8566
85.4363
85.056
84.7518
84.5329
84.3152
84.2592
84.1903
84.0566
84.0067
83.9078
83.8854
83.8849
83.8468
83.7382
83.6904
83.6382
83.5403
83.4338
83.2442
83.2442
83.2442
83.2379
82.7676
81.9311
81.8009
81.3649
80.9535
80.8827
80.4505
80.0791
80.0791
80.0791
80.0791
80.0791
80.0789
80.0631
80.0329
80.0201
79.9985
79.9499
79.6183
79.0009
78.5669
78.4651
78.4651
78.4651
78.4651
78.4651
78.4651
78.4651
78.4651
78.4651
78.4651
78.4651
78.4651
78.4651
78.4651
78.4635
78.3387
78.0698
78.0027
77.8819
77.8809
77.8809
77.8809
77.8809
77.8809
77.8809
77.8809
77.8809
77.8809
77.8809
77.8809
77.8809
77.8809
77.8809
77.8809
77.8809
77.8809
77.8809
77.8809
77.8809
77.8809
77.8809
77.8809
77.8809
77.8809
77.8762
77.4396
76.697
76.697
76.697
76.697
76.6965
76.6434
76.3848
76.0081
76.0081
76.0081
76.0081
76.0081
76.0081
76.0056
75.8649
75.6082
75.5597
75.4756
75.4756
75.4756
75.4753
75.4439
75.3841
75.2029
74.9314
74.8948
74.8885
74.7956
74.5949
74.5673
74.5673
74.5673
74.5673
74.5673
74.5673
74.5673
74.5673
74.5673
74.5673
74.5673
74.5614
75.5504
78.2551
75.8806
73.2161
73.0089
72.5306
71.8896
71.8896
71.8896
71.8896
71.8896
71.8896
71.8896
71.8896
71.8896
71.8896
71.8896
71.8896
71.8896
71.8896
71.8896
71.8896
71.8896
71.8896
71.8896
71.8892
71.8545
71.7982
71.7972
71.7972
71.7972
71.7972
71.7972
71.7972
71.7972
71.7972
71.7972
71.7972
71.7972
71.7972
71.7972
71.7972
71.7972
71.7972
71.7972
71.7972
71.7972
71.7972
71.7972
71.7972
71.7972
71.7972
71.7972
71.7972
71.7972
71.7972
71.7972
71.7972
71.7972
71.7972
71.7967
71.7514
71.6595
71.6591
71.6591
71.6591
71.6591
71.6591
71.6591
71.6591
71.6591
71.6591
71.6591
71.6591
71.6591
71.6591
71.6591
71.6591
71.6591
71.6591
71.6591
71.6591
71.6591
71.6591
71.6591
71.6591
71.6591
71.6591
71.6591
71.6591
71.6591
71.6591
71.6545
71.7536
71.4482
71.4263
71.4263
71.4263
71.4263
71.4263
71.4263
71.4263
71.4263
71.4263
71.4263
71.4263
71.4263
71.4263
71.4263
71.4263
71.4263
71.4263
71.4263
71.4263
71.4263
71.4263
71.4263
71.4263
71.4263
71.4263
71.4263
71.4263
71.4263
71.4263
71.4263
71.4263
71.4263
71.4263
71.4263
71.4263
71.4263
71.4263
71.4263
71.4263
71.4263
71.4263
71.4263
71.4263
71.4263
71.4263
71.4263
71.4263
71.4263
71.4263
71.4263
71.4263
71.4263
71.4263
71.4263
71.4263
71.4263
71.4263
71.4246
71.2928
71.0002
70.8942
70.6662
70.6662
70.6662
70.6662
70.6662
70.6662
70.6662
70.6662
70.6662
70.6662
70.6662
70.6662
70.6662
70.6662
70.6662
70.6662
70.6662
70.6662
70.6662
70.6662
70.6662
70.6662
70.6662
70.6662
70.6662
70.6662
70.6662
70.6662
70.6662
70.6662
70.6662
70.6662
70.6662
70.6662
70.6662
70.6662
70.6662
70.6662
70.6662
70.6662
70.6662
70.6662
70.6662
70.6662
70.6662
70.6662
70.6662
70.6662
70.6662
70.6662
70.6662
