18.2351
16.9952
15.7549
14.5675
13.4984
12.8968
12.316
11.643
11.2725
10.7831
10.5499
10.2903
9.62999
9.05062
8.82442
8.65209
8.54355
8.42214
8.30056
8.24466
8.13307
8.0022
7.98587
7.97448
7.8175
7.31516
7.05766
7.04802
6.99729
6.93081
6.84735
6.70785
6.6384
6.46794
6.40964
6.24872
6.1385
6.10863
6.06105
6.05642
6.04144
6.02932
5.99555
5.95562
5.95193
5.95193
5.95106
5.90517
5.86784
5.86483
5.86483
5.86483
5.86453
5.85503
5.83801
5.83627
5.83455
5.83452
5.83452
5.83423
5.82341
5.80512
5.80158
5.79705
5.79705
5.79705
5.79664
5.7795
5.7531
5.74953
5.70691
5.6295
5.62166
5.62166
5.62166
5.62166
5.62166
5.62166
5.62166
5.61864
5.52644
5.3454
5.31921
5.31921
5.31921
5.31921
5.31921
5.31921
5.31921
5.31921
5.31921
5.31903
5.31209
5.30231
5.30142
5.30142
5.30142
5.30142
5.30142
5.30142
5.30142
5.30142
5.30142
5.30142
5.30142
5.30142
5.30142
5.30142
5.30142
5.30142
5.30142
5.30142
5.30142
5.30142
5.30142
5.30142
5.30142
5.30142
5.30142
5.30142
5.30142
5.30142
5.30142
5.30142
5.30142
5.30142
5.30142
5.30142
5.30142
5.30142
5.30142
5.30142
5.30142
5.30142
5.30142
5.30142
5.30142
5.30142
5.30142
5.30142
5.30142
5.30142
5.30142
5.30142
5.30142
5.30142
5.30142
5.30142
5.30142
5.30142
5.30142
5.30142
5.30142
5.30142
5.30142
5.30142
5.30142
5.30142
5.30142
5.30142
5.30142
5.30142
5.30142
5.30142
5.30142
5.30142
5.30142
5.30142
5.30142
5.30142
5.30142
5.30142
5.30142
5.30142
5.30142
5.30142
5.30142
5.30142
5.30142
5.30142
5.30142
5.30142
5.30142
5.30142
5.30142
5.30142
5.30142
5.30142
5.30142
5.30142
5.30142
5.30142
5.30142
5.30142
5.30142
5.30142
5.30142
5.30142
5.30142
5.30142
5.30142
5.30142
5.30142
5.30142
5.30142
5.30142
5.30142
5.30142
5.30142
5.30142
5.30142
5.30142
5.30142
5.30142
5.30142
5.30142
5.30142
5.30142
5.30142
5.30142
5.30142
5.30142
5.30142
5.30142
5.30142
5.30142
5.30142
5.30142
5.30142
5.30142
5.30142
5.30142
5.30142
5.30142
5.30142
5.30142
5.30142
5.30142
5.30142
5.30142
5.30142
5.30142
5.30142
5.30142
5.30142
5.30142
5.30142
5.30142
5.30142
5.30142
5.30142
5.30142
5.30142
5.30142
5.30142
5.30142
5.30142
5.30142
5.30142
5.30142
5.30142
5.30142
5.30142
5.30142
5.30142
5.30142
5.30142
5.30142
5.30142
5.30142
5.30142
5.30142
5.30142
5.30142
5.30142
5.30142
5.30142
5.30142
5.30142
5.30142
5.30142
5.30142
5.30142
5.30142
5.30142
5.30142
5.30142
5.30142
5.30142
5.30142
5.30142
5.30142
5.30142
5.30142
5.30142
5.30142
5.30142
5.30142
5.30142
5.30142
5.30142
5.30142
5.30142
5.30142
5.30142
5.30142
5.30142
5.30142
5.30142
5.30142
5.30142
5.30142
5.30142
5.30142
5.30142
5.30142
5.30142
5.30142
5.30142
5.30142
5.30142
5.30142
5.30142
5.30142
5.30142
5.30142
5.30142
5.30142
5.30142
5.30142
5.30142
5.30142
5.30142
5.30142
5.30142
5.30142
5.30142
5.30142
5.30142
5.30142
5.30142
5.30142
5.30142
5.30142
5.30142
5.30142
5.30142
5.30142
5.30142
5.30142
5.30142
5.30142
5.30142
5.30142
5.30142
5.30142
5.30142
5.30142
5.30142
5.30142
5.30142
5.30142
5.30142
5.30142
5.30142
5.30142
5.30142
5.30142
5.30142
5.30142
5.30142
5.30142
5.30142
5.30142
5.30142
5.30142
5.30142
5.30142
5.30142
5.30142
5.30142
5.30142
5.30142
5.30142
5.30142
5.30142
5.30142
5.30142
5.30142
5.30142
5.30142
5.30142
5.30142
5.30142
5.30142
5.30142
5.30142
5.30142
5.30142
5.30142
5.30142
5.30142
5.30142
5.30142
5.30142
5.30142
5.30142
5.30142
5.30142
5.30142
5.30142
5.30142
5.30142
5.30142
5.30142
5.30142
5.30142
5.30142
5.30142
5.30142
5.30142
5.30142
5.30142
5.30142
5.30142
5.30142
5.30142
5.30142
5.30142
5.30142
5.30142
5.30142
5.30142
5.30142
5.30142
5.30142
5.30142
5.30142
5.30142
5.30142
5.30142
5.30142
5.30142
5.30142
5.30142
5.30142
5.30142
5.30142
5.30142
5.30142
5.30142
5.30142
5.30142
5.30142
5.30142
5.30142
5.30142
5.30142
5.30142
5.30142
5.30142
5.30142
5.30142
5.30142
5.30142
5.30142
5.30142
5.30142
5.30142
5.30142
5.30142
5.30142
5.30142
5.30142
5.30142
5.30142
5.30142
5.30142
5.30142
5.30142
5.30142
5.30142
5.30142
5.30142
5.30142
5.30142
5.30142
5.30142
5.30142
5.30142
5.30142
5.30142
5.30142
5.30142
5.30142
5.30142
5.30142
5.30142
5.30142
5.30142
5.30142
