16.0399
15.1624
13.7439
12.9362
12.0978
11.4686
11.0764
10.6545
10.335
9.9644
9.56915
9.31613
8.87399
8.86933
8.62979
8.16968
7.87383
7.71004
7.39464
7.39464
7.3674
7.04439
6.77325
6.54714
6.4911
6.39054
6.3035
6.23561
6.23561
6.03889
6.03889
6.03889
6.03889
5.99449
5.99449
5.91851
5.8541
5.83084
5.83084
5.83084
5.83084
5.83084
5.83084
5.83084
5.83084
5.83084
5.79954
5.77886
5.77886
5.77886
5.77886
5.77063
5.77063
5.77063
5.77063
5.77063
5.59222
5.59222
5.59222
5.59222
5.59222
5.59222
5.59222
5.59222
5.59222
5.59222
5.59222
5.59222
5.59222
5.59222
5.59222
5.59222
5.59222
5.59222
5.59222
5.59222
5.59222
5.59222
5.59222
5.59222
5.59222
5.57096
5.57096
5.54939
5.53986
5.52891
5.51258
5.51258
5.51258
5.51258
5.51258
5.51258
5.51258
5.51258
5.51258
5.51258
5.51258
5.51258
5.50234
5.49751
5.49751
5.49751
5.49751
5.49751
5.49751
5.49751
5.49751
5.49751
5.49751
5.49751
5.49751
5.49751
5.49751
5.49751
5.49751
5.49751
5.49751
5.49751
5.49751
5.49751
5.49751
5.49751
5.49751
5.49751
5.49751
5.49751
5.49751
5.49751
5.448
5.448
5.448
5.448
5.448
5.41532
5.3746
5.3746
5.3746
5.3746
5.3746
5.3746
5.3746
5.3746
5.3746
5.3746
5.3746
5.3746
5.3746
5.3746
5.3746
5.3746
5.3746
5.3746
5.3746
5.3746
5.3746
5.3746
5.3746
5.3746
5.3746
5.36888
5.36888
5.36888
5.36888
5.36888
5.36888
5.36888
5.36888
5.36888
5.36888
5.36888
5.36888
5.36888
5.36888
5.36888
5.36888
5.36888
5.36888
5.36888
5.36888
5.36888
5.36888
5.36888
5.36888
5.36888
5.36888
5.36888
5.36888
5.36888
5.36888
5.36888
5.36888
5.36888
5.36888
5.36888
5.36888
5.36888
5.36888
5.36888
5.36888
5.36888
5.36888
5.34721
5.34721
5.34721
5.34721
5.34721
5.34721
5.34721
5.34721
5.34721
5.34721
5.34721
5.34721
5.34721
5.34721
5.34721
5.34721
5.34721
5.34721
5.34721
5.34721
5.34721
5.34721
5.34721
5.34721
5.34721
5.34721
5.34721
5.34721
5.34721
5.34721
5.34721
5.34721
5.34721
5.34721
5.34721
5.34721
5.34721
5.34721
5.34721
5.34721
5.34721
5.34721
5.34721
5.34721
5.34721
5.34721
5.34721
5.34721
5.34721
5.34721
5.34721
5.34721
5.34721
5.34721
5.34721
5.34721
5.34721
5.34721
5.34721
5.34721
5.34721
5.34721
5.34721
5.34721
5.34721
5.34721
5.34721
5.34721
5.34721
5.34721
5.34721
5.34721
5.34721
5.34721
5.34721
5.34721
5.34721
5.34721
5.34721
5.34721
5.34721
5.34721
5.34721
5.34721
5.34721
5.34721
5.34721
5.34721
5.34721
5.34721
5.34721
5.34721
5.34721
5.34721
5.34721
5.34721
5.34721
5.34721
5.34721
5.34721
5.34721
5.34721
5.34721
5.34721
5.34721
5.34721
5.34721
5.34721
5.34721
5.34721
5.34721
5.34721
5.34721
5.34721
5.34721
5.34721
5.34721
5.34721
5.34721
5.34721
5.34721
5.34721
5.34721
5.34721
5.34721
5.34721
5.34721
5.34721
5.34721
5.34721
5.34721
5.34721
5.34721
5.34721
5.34721
5.34721
5.34721
5.34721
5.34721
5.34721
5.34721
5.34721
5.34721
5.34721
5.34721
5.34721
5.34721
5.34721
5.34721
5.34721
5.34721
5.34721
5.34721
5.34721
5.34721
5.34721
5.34721
5.34721
5.34721
5.34721
5.34721
5.34721
5.34721
5.34721
5.34721
5.34721
5.34721
5.34721
5.34721
5.34721
5.34721
5.34721
5.34721
5.34721
5.34721
5.34721
5.34721
5.34721
5.34721
5.34721
5.34721
5.34721
5.34721
5.34721
5.34721
5.34721
5.34721
5.34721
5.34721
5.34721
5.34721
5.34721
5.34721
5.34721
5.34721
5.34721
5.34721
5.34721
5.34721
5.34721
5.34721
5.34721
5.34721
5.34721
5.34721
5.34721
5.34721
5.34721
5.34721
5.34721
5.34721
5.34721
5.34721
5.34721
5.34721
5.34721
5.34721
5.34721
5.34721
5.34721
5.34721
5.34721
5.34721
5.34721
5.34721
5.34721
5.34721
5.34721
5.34721
5.34721
5.34721
5.34721
5.34721
5.34721
5.34721
5.34721
5.34721
5.34721
5.34721
5.34721
5.34721
5.34721
5.34721
5.34721
5.34721
5.34721
5.34721
5.34721
5.34721
5.34721
5.34721
5.34721
5.34721
5.34721
5.34721
5.34721
5.34721
5.34721
5.34721
5.34721
5.34721
5.34721
5.34721
5.34721
5.34721
5.34721
5.34721
5.34721
5.34721
5.34721
5.34721
5.34721
5.34721
5.34721
5.34721
5.34721
5.34721
5.34721
5.34721
5.34721
5.34721
5.34721
5.34721
5.34721
5.34721
5.34721
5.34721
5.34721
5.34721
5.34721
5.34721
5.34721
5.34721
5.34721
5.34721
5.34721
5.34721
5.34721
5.34721
5.34721
