16.1357
15.247
14.0821
12.8182
12.3802
11.8414
11.3881
10.4099
9.8507
9.52148
9.17481
8.37872
8.17911
8.03695
7.95182
7.74143
7.61326
7.49254
7.46927
7.34488
7.27189
7.04439
6.85517
6.7753
6.74731
6.5397
6.5022
6.5022
6.47076
6.44616
6.39318
6.30571
6.30483
6.30081
6.29994
6.29994
6.2879
6.2879
6.2879
6.27967
6.27967
5.83084
5.83084
5.79954
5.79131
5.77886
5.77063
5.77063
5.77063
5.77063
5.77063
5.77063
5.77063
5.77063
5.77063
5.77063
5.77063
5.77063
5.77063
5.77063
5.77063
5.59222
5.59222
5.59222
5.59222
5.59222
5.59222
5.59222
5.59222
5.59222
5.59222
5.59222
5.59222
5.59222
5.59222
5.59222
5.59222
5.59222
5.59222
5.59222
5.59222
5.59222
5.59222
5.59222
5.59222
5.59222
5.59222
5.59222
5.59222
5.59222
5.59222
5.59222
5.59222
5.59222
5.59222
5.59222
5.59222
5.59222
5.59222
5.59222
5.59222
5.49751
5.49751
5.49751
5.49751
5.49751
5.49751
5.49751
5.49751
5.49751
5.49751
5.49751
5.49751
5.49751
5.49751
5.49751
5.49751
5.49751
5.49751
5.49751
5.49751
5.49751
5.49751
5.49751
5.49751
5.49751
5.49751
5.49751
5.49751
5.49751
5.49751
5.49751
5.49751
5.49751
5.49751
5.49751
5.49751
5.49751
5.49751
5.49751
5.49751
5.3746
5.3746
5.3746
5.3746
5.3746
5.3746
5.3746
5.3746
5.3746
5.3746
5.35293
5.35293
5.35293
5.35293
5.35293
5.34721
5.34721
5.34721
5.34721
5.34721
5.34721
5.34721
5.34721
5.34721
5.34721
5.34721
5.34721
5.34721
5.34721
5.34721
5.34721
5.34721
5.34721
5.34721
5.34721
5.34721
5.34721
5.34721
5.34721
5.34721
5.34721
5.34721
5.34721
5.34721
5.34721
5.34721
5.34721
5.34721
5.34721
5.34721
5.34721
5.34721
5.34721
5.34721
5.34721
5.34721
5.34721
5.34721
5.34721
5.34721
5.34721
5.34721
5.34721
5.34721
5.34721
5.34721
5.34721
5.34721
5.34721
5.34721
5.34721
5.34721
5.34721
5.34721
5.34721
5.34721
5.34721
5.34721
5.34721
5.34721
5.34721
5.34721
5.34721
5.34721
5.34721
5.34721
5.34721
5.34721
5.34721
5.34721
5.34721
5.34721
5.34721
5.34721
5.34721
5.34721
5.34721
5.34721
5.34721
5.34721
5.34721
5.34721
5.34721
5.34721
5.34721
5.34721
5.34721
5.34721
5.34721
5.34721
5.34721
5.34721
5.34721
5.34721
5.34721
5.34721
5.34721
5.34721
5.34721
5.34721
5.34721
5.34721
5.34721
5.34721
5.34721
5.34721
5.34721
5.34721
5.34721
5.34721
5.34721
5.34721
5.34721
5.34721
5.34721
5.34721
5.34721
5.34721
5.34721
5.34721
5.34721
5.34721
5.34721
5.34721
5.34721
5.34721
5.34721
5.34721
5.34721
5.34721
5.34721
5.34721
5.34721
5.34721
5.34721
5.34721
5.34721
5.34721
5.34721
5.34721
5.34721
5.34721
5.34721
5.34721
5.34721
5.34721
5.34721
5.34721
5.34721
5.34721
5.34721
5.34721
5.34721
5.34721
5.34721
5.34721
5.34721
5.34721
5.34721
5.34721
5.34721
5.34721
5.34721
5.34721
5.34721
5.34721
5.34721
5.34721
5.34721
5.34721
5.34721
5.34721
5.34721
5.34721
5.34721
5.34721
5.34721
5.34721
5.34721
5.34721
5.34721
5.34721
5.34721
5.34721
5.34721
5.34721
5.34721
5.34721
5.34721
5.34721
5.34721
5.34721
5.34721
5.34721
5.34721
5.34721
5.34721
5.34721
5.34721
5.34721
5.34721
5.34721
5.34721
5.34721
5.34721
5.34721
5.34721
5.34721
5.34721
5.34721
5.34721
5.34721
5.34721
5.34721
5.34721
5.34721
5.34721
5.34721
5.34721
5.34721
5.34721
5.34721
5.34721
5.34721
5.34721
5.34721
5.34721
5.34721
5.34721
5.34721
5.34721
5.34721
5.34721
5.34721
5.34721
5.34721
5.34721
5.34721
5.34721
5.34721
5.34721
5.34721
5.34721
5.34721
5.34721
5.34721
5.34721
5.34721
5.34721
5.34721
5.34721
5.34721
5.34721
5.34721
5.34721
5.34721
5.34721
5.34721
5.34721
5.34721
5.34721
5.34721
5.34721
5.34721
5.34721
5.34721
5.34721
5.34721
5.34721
5.34721
5.34721
5.34721
5.34721
5.34721
5.34721
5.34721
5.34721
5.34721
5.34721
5.34721
5.34721
5.34721
5.34721
5.34721
5.34721
5.34721
5.34721
5.34721
5.34721
5.34721
5.34721
5.34721
5.34721
5.34721
5.34721
5.34721
5.34721
5.34721
5.34721
5.34721
5.34721
5.34721
5.34721
5.34721
5.34721
5.34721
5.34721
5.34721
5.34721
5.34721
5.34721
5.34721
5.34721
5.34721
5.34721
5.34721
5.34721
5.34721
5.34721
5.34721
5.34721
5.34721
5.34721
5.34721
5.34721
5.34721
5.34721
5.34721
5.34721
5.34721
5.34721
5.34721
5.34721
5.34721
5.34721
5.34721
5.34721
5.34721
5.34721
5.34721
