15.3789
14.4067
13.0152
12.3044
11.5168
11.3969
10.9085
10.5992
10.3403
10.1271
9.75843
9.39629
9.02481
8.59939
8.42528
8.28273
8.16477
7.85421
7.85421
7.80889
7.58788
7.56208
7.55108
7.49155
7.42365
7.37834
7.21515
7.11716
7.06643
6.87157
6.70917
6.65843
6.52408
6.49864
6.47967
6.43695
6.43166
6.43166
6.36427
6.36427
6.36427
5.85021
5.85021
5.85021
5.84125
5.84125
5.84125
5.84125
5.83302
5.83302
5.83302
5.83302
5.83302
5.83302
5.82224
5.82224
5.81665
5.81665
5.81665
5.78683
5.78683
5.78683
5.78683
5.78683
5.78683
5.78683
5.78683
5.78683
5.78683
5.6702
5.6702
5.6702
5.6702
5.6702
5.6702
5.6702
5.59423
5.57096
5.57096
5.57096
5.57096
5.53143
5.53143
5.53143
5.53143
5.53143
5.53143
5.53143
5.53143
5.53143
5.53143
5.53143
5.53143
5.53143
5.53143
5.53143
5.53143
5.53143
5.53143
5.53143
5.53143
5.52869
5.52869
5.52869
5.52869
5.52869
5.52869
5.52869
5.52869
5.52869
5.52869
5.52869
5.52869
5.52869
5.52869
5.52869
5.52869
5.52869
5.52869
5.52869
5.52869
5.52869
5.52869
5.52869
5.52869
5.52869
5.52869
5.52869
5.52869
5.52869
5.52869
5.52869
5.52869
5.52869
5.52869
5.52869
5.52869
5.52869
5.52869
5.52869
5.52869
5.49751
5.49751
5.49751
5.49751
5.49751
5.49751
5.49751
5.49751
5.49751
5.49751
5.49751
5.49751
5.49751
5.49751
5.49751
5.49751
5.49751
5.49751
5.49751
5.49751
5.49751
5.49751
5.49751
5.47584
5.47584
5.47584
5.47584
5.47584
5.47584
5.47584
5.47584
5.47584
5.47584
5.47584
5.47584
5.47584
5.47584
5.47584
5.47584
5.47584
5.34721
5.34721
5.34721
5.34721
5.34721
5.34721
5.34721
5.34721
5.34721
5.34721
5.34721
5.34721
5.34721
5.34721
5.34721
5.34721
5.34721
5.34721
5.34721
5.34721
5.34721
5.34721
5.34721
5.34721
5.34721
5.34721
5.34721
5.34721
5.34721
5.34721
5.34721
5.34721
5.34721
5.34721
5.34721
5.34721
5.34721
5.34721
5.34721
5.34721
5.34721
5.34721
5.34721
5.34721
5.34721
5.34721
5.34721
5.34721
5.34721
5.34721
5.34721
5.34721
5.34721
5.34721
5.34721
5.34721
5.34721
5.34721
5.34721
5.34721
5.34721
5.34721
5.34721
5.34721
5.34721
5.34721
5.34721
5.34721
5.34721
5.34721
5.34721
5.34721
5.34721
5.34721
5.34721
5.34721
5.34721
5.34721
5.34721
5.34721
5.34721
5.34721
5.34721
5.34721
5.34721
5.34721
5.34721
5.34721
5.34721
5.34721
5.34721
5.34721
5.34721
5.34721
5.34721
5.34721
5.34721
5.34721
5.34721
5.34721
5.34721
5.34721
5.34721
5.34721
5.34721
5.34721
5.34721
5.34721
5.34721
5.34721
5.34721
5.34721
5.34721
5.34721
5.34721
5.34721
5.34721
5.34721
5.34721
5.34721
5.34721
5.34721
5.34721
5.34721
5.34721
5.34721
5.34721
5.34721
5.34721
5.34721
5.34721
5.34721
5.34721
5.34721
5.34721
5.34721
5.34721
5.34721
5.34721
5.34721
5.34721
5.34721
5.34721
5.34721
5.34721
5.34721
5.34721
5.34721
5.34721
5.34721
5.34721
5.34721
5.34721
5.34721
5.34721
5.34721
5.34721
5.34721
5.34721
5.34721
5.34721
5.34721
5.34721
5.34721
5.34721
5.34721
5.34721
5.34721
5.34721
5.34721
5.34721
5.34721
5.34721
5.34721
5.34721
5.34721
5.34721
5.34721
5.34721
5.34721
5.34721
5.34721
5.34721
5.34721
5.34721
5.34721
5.34721
5.34721
5.34721
5.34721
5.34721
5.34721
5.34721
5.34721
5.34721
5.34721
5.34721
5.34721
5.34721
5.34721
5.34721
5.34721
5.34721
5.34721
5.34721
5.34721
5.34721
5.34721
5.34721
5.34721
5.34721
5.34721
5.34721
5.34721
5.34721
5.34721
5.34721
5.34721
5.34721
5.34721
5.34721
5.34721
5.34721
5.34721
5.34721
5.34721
5.34721
5.34721
5.34721
5.34721
5.34721
5.34721
5.34721
5.34721
5.34721
5.34721
5.34721
5.34721
5.34721
5.34721
5.34721
5.34721
5.34721
5.34721
5.34721
5.34721
5.34721
5.34721
5.34721
5.34721
5.34721
5.34721
5.34721
5.34721
5.34721
5.34721
5.34721
5.34721
5.34721
5.34721
5.34721
5.34721
5.34721
5.34721
5.34721
5.34721
5.34721
5.34721
5.34721
5.34721
5.34721
5.34721
5.34721
5.34721
5.34721
5.34721
5.34721
5.34721
5.34721
5.34721
5.34721
5.34721
5.34721
5.34721
5.34721
5.34721
5.34721
5.34721
5.34721
5.34721
5.34721
5.34721
5.34721
5.34721
5.34721
5.34721
5.34721
5.34721
5.34721
5.34721
5.34721
5.34721
5.34721
5.34721
5.34721
5.34721
5.34721
5.34721
5.34721
5.34721
5.34721
5.34721
5.34721
5.34721
5.34721
5.34721
5.34721
5.34721
5.34721
5.34721
