18.2828
16.4574
14.9559
13.8461
12.8547
12.1789
11.5957
11.1464
10.8839
10.5308
10.2835
9.93391
9.58321
9.23958
8.89316
8.59208
8.39148
8.3856
8.19753
7.88748
7.83363
7.74269
7.58589
7.55757
7.52704
7.46395
7.39845
7.29685
7.15811
7.09231
6.97722
6.80707
6.68085
6.60415
6.52637
6.50573
6.45768
6.43651
6.43198
6.41588
6.37048
6.36085
6.30511
6.04615
5.86596
5.87779
5.88029
5.84137
5.84119
5.83812
5.83302
5.83302
5.83302
5.83302
5.83294
5.82914
5.82245
5.81963
5.81665
5.81645
5.80571
5.78723
5.78683
5.78683
5.78683
5.78683
5.78683
5.78683
5.78683
5.78605
5.75703
5.68997
5.6702
5.6702
5.6702
5.6702
5.6697
5.64071
5.58027
5.57096
5.57096
5.5707
5.56042
5.53903
5.53143
5.53143
5.53143
5.53143
5.53143
5.53143
5.53143
5.53143
5.53143
5.53143
5.53143
5.53143
5.53143
5.53143
5.53143
5.53143
5.53143
5.53142
5.53045
5.52869
5.52869
5.52869
5.52869
5.52869
5.52869
5.52869
5.52869
5.52869
5.52869
5.52869
5.52869
5.52869
5.52869
5.52869
5.52869
5.52869
5.52869
5.52869
5.52869
5.52869
5.52869
5.52869
5.52869
5.52869
5.52869
5.52869
5.52869
5.52869
5.52869
5.52869
5.52869
5.52869
5.52869
5.52869
5.52869
5.52869
5.52869
5.52848
5.51899
5.50022
5.49751
5.49751
5.49751
5.49751
5.49751
5.49751
5.49751
5.49751
5.49751
5.49751
5.49751
5.49751
5.49751
5.49751
5.49751
5.49751
5.49751
5.49751
5.49751
5.49751
5.49737
5.48942
5.47584
5.47584
5.47584
5.47584
5.47584
5.47584
5.47584
5.47584
5.47584
5.47584
5.47584
5.47584
5.47584
5.47584
5.47584
5.47499
5.42197
5.35798
5.34721
5.34721
5.34721
5.34721
5.34721
5.34721
5.34721
5.34721
5.34721
5.34721
5.34721
5.34721
5.34721
5.34721
5.34721
5.34721
5.34721
5.34721
5.34721
5.34721
5.34721
5.34721
5.34721
5.34721
5.34721
5.34721
5.34721
5.34721
5.34721
5.34721
5.34721
5.34721
5.34721
5.34721
5.34721
5.34721
5.34721
5.34721
5.34721
5.34721
5.34721
5.34721
5.34721
5.34721
5.34721
5.34721
5.34721
5.34721
5.34721
5.34721
5.34721
5.34721
5.34721
5.34721
5.34721
5.34721
5.34721
5.34721
5.34721
5.34721
5.34721
5.34721
5.34721
5.34721
5.34721
5.34721
5.34721
5.34721
5.34721
5.34721
5.34721
5.34721
5.34721
5.34721
5.34721
5.34721
5.34721
5.34721
5.34721
5.34721
5.34721
5.34721
5.34721
5.34721
5.34721
5.34721
5.34721
5.34721
5.34721
5.34721
5.34721
5.34721
5.34721
5.34721
5.34721
5.34721
5.34721
5.34721
5.34721
5.34721
5.34721
5.34721
5.34721
5.34721
5.34721
5.34721
5.34721
5.34721
5.34721
5.34721
5.34721
5.34721
5.34721
5.34721
5.34721
5.34721
5.34721
5.34721
5.34721
5.34721
5.34721
5.34721
5.34721
5.34721
5.34721
5.34721
5.34721
5.34721
5.34721
5.34721
5.34721
5.34721
5.34721
5.34721
5.34721
5.34721
5.34721
5.34721
5.34721
5.34721
5.34721
5.34721
5.34721
5.34721
5.34721
5.34721
5.34721
5.34721
5.34721
5.34721
5.34721
5.34721
5.34721
5.34721
5.34721
5.34721
5.34721
5.34721
5.34721
5.34721
5.34721
5.34721
5.34721
5.34721
5.34721
5.34721
5.34721
5.34721
5.34721
5.34721
5.34721
5.34721
5.34721
5.34721
5.34721
5.34721
5.34721
5.34721
5.34721
5.34721
5.34721
5.34721
5.34721
5.34721
5.34721
5.34721
5.34721
5.34721
5.34721
5.34721
5.34721
5.34721
5.34721
5.34721
5.34721
5.34721
5.34721
5.34721
5.34721
5.34721
5.34721
5.34721
5.34721
5.34721
5.34721
5.34721
5.34721
5.34721
5.34721
5.34721
5.34721
5.34721
5.34721
5.34721
5.34721
5.34721
5.34721
5.34721
5.34721
5.34721
5.34721
5.34721
5.34721
5.34721
5.34721
5.34721
5.34721
5.34721
5.34721
5.34721
5.34721
5.34721
5.34721
5.34721
5.34721
5.34721
5.34721
5.34721
5.34721
5.34721
5.34721
5.34721
5.34721
5.34721
5.34721
5.34721
5.34721
5.34721
5.34721
5.34721
5.34721
5.34721
5.34721
5.34721
5.34721
5.34721
5.34721
5.34721
5.34721
5.34721
5.34721
5.34721
5.34721
5.34721
5.34721
5.34721
5.34721
5.34721
5.34721
5.34721
5.34721
5.34721
5.34721
5.34721
5.34721
5.34721
5.34721
5.34721
5.34721
5.34721
5.34721
5.34721
5.34721
5.34721
5.34721
5.34721
5.34721
5.34721
5.34721
5.34721
5.34721
5.34721
5.34721
5.34721
5.34721
5.34721
5.34721
5.34721
5.34721
5.34721
5.34721
5.34721
5.34721
5.34721
5.34721
5.34721
5.34721
5.34721
5.34721
5.34721
5.34721
5.34721
5.34721
5.34721
5.34721
5.34721
5.34721
