18.4236
16.9165
15.5704
14.2825
13.2776
12.4281
11.927
11.3836
10.9909
10.6131
10.3936
9.83721
9.5636
9.12929
8.8713
8.8493
8.56937
8.27527
7.92048
7.54457
7.40044
7.37893
7.22503
6.9973
6.88508
6.64629
6.45683
6.34204
6.27974
6.23763
6.18168
6.06331
6.03889
6.03859
6.0232
5.99398
5.96923
5.89951
5.84631
5.83084
5.83084
5.83084
5.83084
5.83084
5.83084
5.83084
5.83057
5.81854
5.78893
5.77886
5.77886
5.77881
5.77513
5.77063
5.77063
5.77063
5.76944
5.69927
5.59563
5.59222
5.59222
5.59222
5.59222
5.59222
5.59222
5.59222
5.59222
5.59222
5.59222
5.59222
5.59222
5.59222
5.59222
5.59222
5.59222
5.59222
5.59222
5.59222
5.59222
5.59222
5.59222
5.59207
5.58641
5.57224
5.5629
5.54606
5.53587
5.52216
5.51258
5.51258
5.51258
5.51258
5.51258
5.51258
5.51258
5.51258
5.51258
5.51258
5.51251
5.509
5.49999
5.49751
5.49751
5.49751
5.49751
5.49751
5.49751
5.49751
5.49751
5.49751
5.49751
5.49751
5.49751
5.49751
5.49751
5.49751
5.49751
5.49751
5.49751
5.49751
5.49751
5.49751
5.49751
5.49751
5.49751
5.49751
5.49751
5.49751
5.49718
5.478
5.44829
5.448
5.448
5.44778
5.43716
5.39578
5.3746
5.3746
5.3746
5.3746
5.3746
5.3746
5.3746
5.3746
5.3746
5.3746
5.3746
5.3746
5.3746
5.3746
5.3746
5.3746
5.3746
5.3746
5.3746
5.3746
5.3746
5.3746
5.3746
5.37456
5.37208
5.369
5.36888
5.36888
5.36888
5.36888
5.36888
5.36888
5.36888
5.36888
5.36888
5.36888
5.36888
5.36888
5.36888
5.36888
5.36888
5.36888
5.36888
5.36888
5.36888
5.36888
5.36888
5.36888
5.36888
5.36888
5.36888
5.36888
5.36888
5.36888
5.36888
5.36888
5.36888
5.36888
5.36888
5.36888
5.36888
5.36888
5.36888
5.36888
5.36888
5.36874
5.35992
5.34721
5.34721
5.34721
5.34721
5.34721
5.34721
5.34721
5.34721
5.34721
5.34721
5.34721
5.34721
5.34721
5.34721
5.34721
5.34721
5.34721
5.34721
5.34721
5.34721
5.34721
5.34721
5.34721
5.34721
5.34721
5.34721
5.34721
5.34721
5.34721
5.34721
5.34721
5.34721
5.34721
5.34721
5.34721
5.34721
5.34721
5.34721
5.34721
5.34721
5.34721
5.34721
5.34721
5.34721
5.34721
5.34721
5.34721
5.34721
5.34721
5.34721
5.34721
5.34721
5.34721
5.34721
5.34721
5.34721
5.34721
5.34721
5.34721
5.34721
5.34721
5.34721
5.34721
5.34721
5.34721
5.34721
5.34721
5.34721
5.34721
5.34721
5.34721
5.34721
5.34721
5.34721
5.34721
5.34721
5.34721
5.34721
5.34721
5.34721
5.34721
5.34721
5.34721
5.34721
5.34721
5.34721
5.34721
5.34721
5.34721
5.34721
5.34721
5.34721
5.34721
5.34721
5.34721
5.34721
5.34721
5.34721
5.34721
5.34721
5.34721
5.34721
5.34721
5.34721
5.34721
5.34721
5.34721
5.34721
5.34721
5.34721
5.34721
5.34721
5.34721
5.34721
5.34721
5.34721
5.34721
5.34721
5.34721
5.34721
5.34721
5.34721
5.34721
5.34721
5.34721
5.34721
5.34721
5.34721
5.34721
5.34721
5.34721
5.34721
5.34721
5.34721
5.34721
5.34721
5.34721
5.34721
5.34721
5.34721
5.34721
5.34721
5.34721
5.34721
5.34721
5.34721
5.34721
5.34721
5.34721
5.34721
5.34721
5.34721
5.34721
5.34721
5.34721
5.34721
5.34721
5.34721
5.34721
5.34721
5.34721
5.34721
5.34721
5.34721
5.34721
5.34721
5.34721
5.34721
5.34721
5.34721
5.34721
5.34721
5.34721
5.34721
5.34721
5.34721
5.34721
5.34721
5.34721
5.34721
5.34721
5.34721
5.34721
5.34721
5.34721
5.34721
5.34721
5.34721
5.34721
5.34721
5.34721
5.34721
5.34721
5.34721
5.34721
5.34721
5.34721
5.34721
5.34721
5.34721
5.34721
5.34721
5.34721
5.34721
5.34721
5.34721
5.34721
5.34721
5.34721
5.34721
5.34721
5.34721
5.34721
5.34721
5.34721
5.34721
5.34721
5.34721
5.34721
5.34721
5.34721
5.34721
5.34721
5.34721
5.34721
5.34721
5.34721
5.34721
5.34721
5.34721
5.34721
5.34721
5.34721
5.34721
5.34721
5.34721
5.34721
5.34721
5.34721
5.34721
5.34721
5.34721
5.34721
5.34721
5.34721
5.34721
5.34721
5.34721
5.34721
5.34721
5.34721
5.34721
5.34721
5.34721
5.34721
5.34721
5.34721
5.34721
5.34721
5.34721
5.34721
5.34721
5.34721
5.34721
5.34721
5.34721
5.34721
5.34721
5.34721
5.34721
5.34721
5.34721
5.34721
5.34721
5.34721
5.34721
5.34721
5.34721
5.34721
5.34721
5.34721
5.34721
5.34721
5.34721
5.34721
5.34721
5.34721
5.34721
5.34721
5.34721
5.34721
5.34721
5.34721
5.34721
5.34721
5.34721
5.34721
5.34721
