15.5491
12.4092
12.4092
11.7693
10.934
10.677
10.5275
10.0124
9.90826
9.46714
9.1085
9.03687
8.90353
8.8877
8.8752
8.62408
8.36397
8.06123
8.06123
7.9337
7.87022
7.09869
7.09869
7.0938
7.0938
7.0938
6.7704
6.74992
6.43136
6.37532
6.35484
6.35484
6.31822
6.21728
6.21728
6.18004
6.18004
6.07264
6.07264
6.04137
5.85021
5.85021
5.83943
5.83943
5.83943
5.83943
5.83943
5.83943
5.83943
5.83943
5.83943
5.83047
5.83047
5.83047
5.83047
5.83047
5.82224
5.82224
5.82224
5.81665
5.81665
5.77063
5.69146
5.59222
5.59222
5.59222
5.59222
5.59222
5.59222
5.59222
5.59222
5.59222
5.59222
5.59222
5.59222
5.59222
5.59222
5.53143
5.53143
5.53143
5.53143
5.53143
5.53143
5.53143
5.52869
5.52869
5.52869
5.52869
5.52869
5.52869
5.52869
5.52869
5.52869
5.52869
5.52869
5.52869
5.52869
5.52869
5.52869
5.52869
5.52869
5.52869
5.52869
5.52869
5.52869
5.52869
5.52869
5.52869
5.52869
5.52869
5.52869
5.52869
5.52869
5.52869
5.52869
5.52869
5.52869
5.52869
5.52869
5.52869
5.52869
5.49751
5.49751
5.49751
5.49751
5.49751
5.49751
5.49751
5.49751
5.49751
5.49751
5.49751
5.49751
5.49751
5.49751
5.49751
5.49751
5.49751
5.49751
5.49751
5.49751
5.49751
5.49751
5.49751
5.49751
5.49751
5.49751
5.49751
5.49751
5.49751
5.49751
5.49751
5.49751
5.49751
5.49751
5.49751
5.49751
5.49751
5.49751
5.49751
5.49751
5.34721
5.34721
5.34721
5.34721
5.34721
5.34721
5.34721
5.34721
5.34721
5.34721
5.34721
5.34721
5.34721
5.34721
5.34721
5.34721
5.34721
5.34721
5.34721
5.34721
5.34721
5.34721
5.34721
5.34721
5.34721
5.34721
5.34721
5.34721
5.34721
5.34721
5.34721
5.34721
5.34721
5.34721
5.34721
5.34721
5.34721
5.34721
5.34721
5.34721
5.34721
5.34721
5.34721
5.34721
5.34721
5.34721
5.34721
5.34721
5.34721
5.34721
5.34721
5.34721
5.34721
5.34721
5.34721
5.34721
5.34721
5.34721
5.34721
5.34721
5.34721
5.34721
5.34721
5.34721
5.34721
5.34721
5.34721
5.34721
5.34721
5.34721
5.34721
5.34721
5.34721
5.34721
5.34721
5.34721
5.34721
5.34721
5.34721
5.34721
5.34721
5.34721
5.34721
5.34721
5.34721
5.34721
5.34721
5.34721
5.34721
5.34721
5.34721
5.34721
5.34721
5.34721
5.34721
5.34721
5.34721
5.34721
5.34721
5.34721
5.34721
5.34721
5.34721
5.34721
5.34721
5.34721
5.34721
5.34721
5.34721
5.34721
5.34721
5.34721
5.34721
5.34721
5.34721
5.34721
5.34721
5.34721
5.34721
5.34721
5.34721
5.34721
5.34721
5.34721
5.34721
5.34721
5.34721
5.34721
5.34721
5.34721
5.34721
5.34721
5.34721
5.34721
5.34721
5.34721
5.34721
5.34721
5.34721
5.34721
5.34721
5.34721
5.34721
5.34721
5.34721
5.34721
5.34721
5.34721
5.34721
5.34721
5.34721
5.34721
5.34721
5.34721
5.34721
5.34721
5.34721
5.34721
5.34721
5.34721
5.34721
5.34721
5.34721
5.34721
5.34721
5.34721
5.34721
5.34721
5.34721
5.34721
5.34721
5.34721
5.34721
5.34721
5.34721
5.34721
5.34721
5.34721
5.34721
5.34721
5.34721
5.34721
5.34721
5.34721
5.34721
5.34721
5.34721
5.34721
5.34721
5.34721
5.34721
5.34721
5.34721
5.34721
5.34721
5.34721
5.34721
5.34721
5.34721
5.34721
5.34721
5.34721
5.34721
5.34721
5.34721
5.34721
5.34721
5.34721
5.34721
5.34721
5.34721
5.34721
5.34721
5.34721
5.34721
5.34721
5.34721
5.34721
5.34721
5.34721
5.34721
5.34721
5.34721
5.34721
5.34721
5.34721
5.34721
5.34721
5.34721
5.34721
5.34721
5.34721
5.34721
5.34721
5.34721
5.34721
5.34721
5.34721
5.34721
5.34721
5.34721
5.34721
5.34721
5.34721
5.34721
5.34721
5.34721
5.34721
5.34721
5.34721
5.34721
5.34721
5.34721
5.34721
5.34721
5.34721
5.34721
5.34721
5.34721
5.34721
5.34721
5.34721
5.34721
5.34721
5.34721
5.34721
5.34721
5.34721
5.34721
5.34721
5.34721
5.34721
5.34721
5.34721
5.34721
5.34721
5.34721
5.34721
5.34721
5.34721
5.34721
5.34721
5.34721
5.34721
5.34721
5.34721
5.34721
5.34721
5.34721
5.34721
5.34721
5.34721
5.34721
5.34721
5.34721
5.34721
5.34721
5.34721
5.34721
5.34721
5.34721
5.34721
5.34721
5.34721
5.34721
5.34721
5.34721
5.34721
5.34721
5.34721
5.34721
5.34721
5.34721
5.34721
5.34721
5.34721
5.34721
5.34721
5.34721
5.34721
5.34721
5.34721
5.34721
5.34721
5.34721
5.34721
5.34721
5.34721
5.34721
5.34721
5.34721
5.34721
5.34721
5.34721
5.34721
5.34721
5.34721
5.34721
5.34721
5.34721
