0.0829966 0.0829966 0
0.0898828 0.0864397 0.00243462
0.0889736 0.0872843 0.00176352
0.0907317 0.0881462 0.0015187
0.0827132 0.0870596 0.00155585
0.0790428 0.0857235 0.00178009
0.0904805 0.086403 0.00165042
0.0914247 0.0870307 0.00155892
0.0876468 0.0870992 0.00138721
0.0808064 0.0864699 0.00138387
0.0799783 0.0858798 0.00137817
0.0786077 0.0852738 0.00139019
0.0789223 0.0847852 0.00136641
0.0888981 0.085079 0.00130001
0.0809188 0.0848016 0.00124257
0.0774198 0.0843403 0.00124763
0.0805875 0.0841195 0.0011936
0.0885596 0.0843662 0.0011525
0.0897051 0.0846472 0.00112558
0.0973962 0.0852846 0.0012367
0.0835316 0.0852012 0.00118062
0.0802841 0.0849776 0.00114792
0.0844692 0.0849555 0.00109822
0.0867443 0.0850301 0.00105499
0.0947099 0.0854173 0.00108151
0.0813253 0.0852599 0.0010513
0.0912528 0.0854818 0.00103553
0.0736784 0.0850603 0.00108095
0.0925635 0.085319 0.0010742
0.0861042 0.0853452 0.00103871
0.0949545 0.0856552 0.00105044
0.0812378 0.0855171 0.00102664
0.0885092 0.0856078 0.000999526
0.065878 0.0850275 0.00112604
0.0804846 0.0848977 0.00110133
0.0687821 0.0844501 0.00115815
0.0902866 0.0846078 0.00113754
0.084357 0.0846012 0.00110762
0.0877303 0.0846814 0.00108212
0.0833897 0.0846491 0.00105555
0.0885448 0.0847442 0.00103407
0.079985 0.0846309 0.00101564
0.0918135 0.0847979 0.00100567
0.0959581 0.0850515 0.00101429
0.0884283 0.0851266 0.000994523
0.0848311 0.0851201 0.000972923
0.0840194 0.0850967 0.000952505
0.0882552 0.0851625 0.000934931
0.0901181 0.0852637 0.000921305
0.086928 0.0852969 0.00090348
0.090061 0.0853904 0.00089058
0.0853118 0.0853889 0.000873455
0.0720434 0.085137 0.000892532
0.0818086 0.0850754 0.000878129
0.0807438 0.0849967 0.000865688
0.0840478 0.0849797 0.000850395
0.0978856 0.0852061 0.000865093
0.0866099 0.0852303 0.000850516
0.0786631 0.085119 0.000843352
0.0777031 0.0849954 0.000838305
0.0847595 0.0849916 0.000824571
0.0893841 0.0850624 0.000814309
0.0844964 0.0850534 0.000801433
0.086328 0.0850733 0.000789158
0.0800323 0.0849958 0.000780819
0.0849174 0.0849946 0.000768989
0.0729708 0.0848151 0.00077817
0.0818167 0.084771 0.000767975
0.0711671 0.0845739 0.000781743
0.0866763 0.0846039 0.000771152
0.0861742 0.084626 0.000760608
0.0714276 0.0844427 0.000771818
0.0961602 0.0846032 0.000777756
0.0821497 0.0845701 0.000767953
0.0823541 0.0845405 0.000758281
0.0650117 0.0842836 0.000790644
0.0935481 0.0844039 0.000789478
0.0896716 0.0844714 0.000782239
0.0837114 0.0844618 0.000772397
0.0858187 0.0844788 0.000762928
0.0918535 0.0845698 0.000758922
0.0859153 0.0845862 0.000749845
0.0895734 0.0846463 0.000743214
0.0814698 0.0846085 0.000735327
0.0899196 0.084671 0.000729326
0.0871552 0.0846999 0.000721418
0.0961261 0.0848312 0.000724982
0.0883502 0.0848712 0.000717846
0.0799638 0.084816 0.000711894
0.0739635 0.0846955 0.000714124
0.0737138 0.0845748 0.0007164
0.0817389 0.084544 0.000709276
0.0888452 0.0845902 0.000703156
0.0713655 0.0844495 0.00070961
0.0847464 0.0844526 0.000702148
0.0857877 0.0844666 0.000694971
0.0793941 0.0844143 0.000689771
0.0735159 0.0843031 0.000691639
0.089687 0.0843574 0.000686788
0.0825969 0.0843398 0.000680146
