#     BLOCK:   ACTUAL_T:     T_AVE:       ERROR:
           1           2           2           0
           2     1.99998     1.99999 6.37103e-06
           3     1.99993     1.99997 1.76686e-05
           4     1.99984     1.99994  3.1487e-05
           5     1.99971     1.99989 4.74409e-05
           6     1.99955     1.99984 6.52804e-05
           7     1.99935     1.99977 8.48301e-05
           8     1.99912     1.99969  0.00010596
           9     1.99885     1.99959 0.000128569
          10     1.99854     1.99949 0.000152578
          11      1.9982     1.99937 0.000177922
          12     1.99782     1.99924 0.000204548
          13     1.99741      1.9991 0.000232414
          14     1.99696     1.99895 0.000261483
          15     1.99647     1.99878 0.000291727
          16     1.99594      1.9986 0.000323121
          17     1.99537     1.99841 0.000355646
          18     1.99477     1.99821 0.000389286
          19     1.99413       1.998 0.000424028
          20     1.99345     1.99777 0.000459863
          21     1.99272     1.99753 0.000496786
          22     1.99196     1.99728  0.00053479
          23     1.99116     1.99701 0.000573876
          24     1.99031     1.99673 0.000614041
          25     1.98943     1.99644 0.000655289
          26      1.9885     1.99613 0.000697616
          27     1.98753     1.99581 0.000741017
          28     1.98651     1.99548 0.000785498
          29     1.98545     1.99514 0.000831071
          30     1.98435     1.99478 0.000877748
          31      1.9832      1.9944  0.00092554
          32       1.982     1.99402  0.00097445
          33     1.98075     1.99361  0.00102448
          34     1.97946      1.9932  0.00107566
          35     1.97811     1.99277  0.00112798
          36     1.97672     1.99232  0.00118146
          37     1.97527     1.99186  0.00123613
          38     1.97377     1.99138  0.00129199
          39     1.97222     1.99089  0.00134908
          40     1.97061     1.99039  0.00140741
          41     1.96895     1.98986    0.001467
          42     1.96723     1.98932  0.00152788
          43     1.96545     1.98877  0.00159006
          44     1.96361      1.9882  0.00165357
          45      1.9617     1.98761  0.00171843
          46     1.95974       1.987  0.00178467
          47     1.95771     1.98638   0.0018523
          48     1.95562     1.98574  0.00192135
          49     1.95346     1.98508  0.00199185
          50     1.95124      1.9844  0.00206382
          51     1.94894     1.98371  0.00213729
          52     1.94657     1.98299  0.00221229
          53     1.94413     1.98226  0.00228884
          54     1.94162     1.98151  0.00236697
          55     1.93903     1.98073  0.00244671
          56     1.93636     1.97994  0.00252809
          57     1.93361     1.97913  0.00261114
          58     1.93078      1.9783  0.00269589
          59     1.92787     1.97744  0.00278235
          60     1.92488     1.97657  0.00287057
          61      1.9218     1.97567  0.00296056
          62     1.91864     1.97475  0.00305236
          63     1.91538     1.97381  0.00314601
          64     1.91203     1.97284  0.00324152
          65     1.90859     1.97185  0.00333895
          66     1.90506     1.97084   0.0034383
          67     1.90143      1.9698  0.00353963
          68     1.89769     1.96874  0.00364296
          69     1.89386     1.96766  0.00374832
          70     1.88993     1.96655  0.00385575
          71     1.88589     1.96541  0.00396529
          72     1.88174     1.96425  0.00407694
          73     1.87749     1.96306  0.00419076
          74     1.87312     1.96185  0.00430676
          75     1.86865      1.9606  0.00442497
          76     1.86406     1.95933  0.00454542
          77     1.85936     1.95803  0.00466814
          78     1.85454     1.95671  0.00479315
          79     1.84961     1.95535  0.00492047
          80     1.84455     1.95397  0.00505013
          81     1.83937     1.95255  0.00518216
          82     1.83408     1.95111  0.00531656
          83     1.82865     1.94963  0.00545337
          84      1.8231     1.94813  0.00559261
          85     1.81743     1.94659  0.00573428
          86     1.81163     1.94502  0.00587841
          87      1.8057     1.94342    0.006025
          88     1.79965     1.94178  0.00617407
          89     1.79346     1.94012  0.00632562
          90     1.78714     1.93842  0.00647967
          91      1.7807     1.93668  0.00663622
          92     1.77412     1.93492  0.00679527
          93     1.76741     1.93312  0.00695682
          94     1.76057     1.93128  0.00712086
          95      1.7536     1.92941  0.00728739
          96      1.7465      1.9275   0.0074564
          97     1.73927     1.92556  0.00762787
          98     1.73191     1.92359  0.00780178
          99     1.72443     1.92158  0.00797812
         100     1.71682     1.91953  0.00815686
         101     1.70909     1.91745  0.00833797
         102     1.70123     1.91533  0.00852142
         103     1.69325     1.91317  0.00870718
         104     1.68515     1.91098  0.00889521
         105     1.67694     1.90875  0.00908545
         106     1.66861     1.90648  0.00927788
         107     1.66018     1.90418  0.00947243
         108     1.65163     1.90184  0.00966905
         109     1.64298     1.89947  0.00986768
         110     1.63423     1.89706   0.0100683
         111     1.62539     1.89461   0.0102707
         112     1.61645     1.89213    0.010475
         113     1.60742     1.88961    0.010681
         114     1.59831     1.88705   0.0108887
         115     1.58912     1.88446   0.0110979
         116     1.57985     1.88183   0.0113086
         117     1.57051     1.87917   0.0115208
         118     1.56111     1.87648   0.0117342
         119     1.55165     1.87375   0.0119489
         120     1.54213     1.87098   0.0121647
         121     1.53256     1.86819   0.0123815
         122     1.52295     1.86536   0.0125992
         123      1.5133      1.8625   0.0128178
         124     1.50362      1.8596   0.0130371
         125     1.49391     1.85668    0.013257
         126     1.48417     1.85372   0.0134774
         127     1.47442     1.85073   0.0136982
         128     1.46467     1.84772   0.0139192
         129      1.4549     1.84467   0.0141405
         130     1.44514      1.8416   0.0143618
         131     1.43538      1.8385   0.0145831
         132     1.42564     1.83537   0.0148042
         133     1.41591     1.83222   0.0150251
         134     1.40621     1.82904   0.0152456
         135     1.39653     1.82583   0.0154656
         136     1.38689     1.82261   0.0156851
         137     1.37728     1.81935   0.0159039
         138     1.36772     1.81608   0.0161218
         139     1.35821     1.81279   0.0163389
         140     1.34875     1.80947    0.016555
         141     1.33935     1.80614     0.01677
         142     1.33001     1.80279   0.0169838
         143     1.32075     1.79942   0.0171963
         144     1.31155     1.79603   0.0174074
         145     1.30243     1.79262    0.017617
         146      1.2934      1.7892   0.0178251
         147     1.28445     1.78577   0.0180316
         148     1.27559     1.78232   0.0182363
         149     1.26682     1.77886   0.0184391
         150     1.25816     1.77539   0.0186401
         151      1.2496     1.77191   0.0188391
         152     1.24115     1.76842    0.019036
         153     1.23281     1.76492   0.0192308
         154     1.22459     1.76141   0.0194233
         155     1.21649     1.75789   0.0196136
         156     1.20851     1.75437   0.0198015
         157     1.20066     1.75084    0.019987
         158     1.19295     1.74731     0.02017
         159     1.18537     1.74378   0.0203504
         160     1.17793     1.74024   0.0205282
         161     1.17064      1.7367   0.0207034
         162     1.16349     1.73317   0.0208757
         163      1.1565     1.72963   0.0210453
         164     1.14967     1.72609    0.021212
         165     1.14299     1.72256   0.0213758
         166     1.13648     1.71903   0.0215366
         167     1.13014      1.7155   0.0216944
         168     1.12396     1.71198   0.0218492
         169     1.11796     1.70847   0.0220008
         170     1.11214     1.70496   0.0221493
         171      1.1065     1.70146   0.0222945
         172     1.10104     1.69797   0.0224365
         173     1.09577     1.69449   0.0225752
         174     1.09068     1.69102   0.0227106
         175     1.08579     1.68756   0.0228427
         176     1.08109     1.68411   0.0229713
         177     1.07659     1.68068   0.0230965
         178     1.07229     1.67726   0.0232183
         179     1.06818     1.67386   0.0233366
         180     1.06427     1.67047   0.0234514
         181     1.06057      1.6671   0.0235627
         182     1.05707     1.66375   0.0236704
         183     1.05377     1.66042   0.0237746
         184     1.05068      1.6571   0.0238752
         185     1.04779     1.65381   0.0239722
         186      1.0451     1.65054   0.0240657
         187     1.04261     1.64729   0.0241556
         188     1.04033     1.64406   0.0242419
         189     1.03824     1.64085   0.0243246
         190     1.03634     1.63767   0.0244038
         191     1.03464     1.63451   0.0244794
         192     1.03313     1.63138   0.0245515
         193     1.03181     1.62828     0.02462
         194     1.03067     1.62519   0.0246851
         195     1.02971     1.62214   0.0247466
         196     1.02893     1.61911   0.0248048
         197     1.02831     1.61612   0.0248595
         198     1.02786     1.61314   0.0249108
         199     1.02757      1.6102   0.0249589
         200     1.02743     1.60729   0.0250036
         201     1.02744      1.6044    0.025045
         202      1.0276     1.60155   0.0250833
         203     1.02788     1.59872   0.0251184
         204      1.0283     1.59593   0.0251505
         205     1.02883     1.59316   0.0251794
         206     1.02948     1.59042   0.0252055
         207     1.03024     1.58772   0.0252286
         208      1.0311     1.58504   0.0252488
         209     1.03205     1.58239   0.0252662
         210     1.03308     1.57978    0.025281
         211      1.0342     1.57719    0.025293
         212     1.03539     1.57464   0.0253025
         213     1.03664     1.57211   0.0253095
         214     1.03795     1.56962    0.025314
         215     1.03931     1.56715   0.0253161
         216     1.04072     1.56471    0.025316
         217     1.04217      1.5623   0.0253136
         218     1.04364     1.55992    0.025309
         219     1.04515     1.55757   0.0253024
         220     1.04667     1.55525   0.0252937
         221     1.04821     1.55296   0.0252831
         222     1.04975     1.55069   0.0252706
         223      1.0513     1.54845   0.0252563
         224     1.05286     1.54624   0.0252403
         225     1.05441     1.54405   0.0252226
         226     1.05594     1.54189   0.0252033
         227     1.05747     1.53976   0.0251824
         228     1.05898     1.53765   0.0251601
         229     1.06048     1.53557   0.0251364
         230     1.06195     1.53351   0.0251113
         231     1.06339     1.53147   0.0250849
         232     1.06481     1.52946   0.0250573
         233      1.0662     1.52747   0.0250285
         234     1.06757     1.52551   0.0249986
         235     1.06889     1.52356   0.0249676
         236     1.07019     1.52164   0.0249356
         237     1.07145     1.51974   0.0249027
         238     1.07268     1.51787   0.0248688
         239     1.07387     1.51601    0.024834
         240     1.07502     1.51417   0.0247984
         241     1.07614     1.51235   0.0247621
         242     1.07723     1.51055   0.0247249
         243     1.07827     1.50878   0.0246871
         244     1.07928     1.50702   0.0246486
         245     1.08026     1.50527   0.0246095
         246      1.0812     1.50355   0.0245697
         247      1.0821     1.50184   0.0245294
         248     1.08297     1.50015   0.0244886
         249     1.08381     1.49848   0.0244473
         250     1.08462     1.49683   0.0244055
         251      1.0854     1.49519   0.0243632
         252     1.08615     1.49356   0.0243205
         253     1.08688     1.49196   0.0242775
         254     1.08757     1.49037    0.024234
         255     1.08825     1.48879   0.0241903
         256     1.08889     1.48723   0.0241461
         257     1.08952     1.48568   0.0241017
         258     1.09012     1.48415    0.024057
         259     1.09071     1.48263   0.0240121
         260     1.09128     1.48112   0.0239668
         261     1.09183     1.47963   0.0239214
         262     1.09236     1.47815   0.0238757
         263     1.09288     1.47669   0.0238298
         264     1.09339     1.47523   0.0237837
         265     1.09389      1.4738   0.0237375
         266     1.09437     1.47237   0.0236911
         267     1.09485     1.47096   0.0236445
         268     1.09532     1.46955   0.0235978
         269     1.09578     1.46816   0.0235509
         270     1.09623     1.46679   0.0235039
         271     1.09668     1.46542   0.0234568
         272     1.09712     1.46407   0.0234097
         273     1.09756     1.46272   0.0233624
         274     1.09799     1.46139    0.023315
         275     1.09842     1.46007   0.0232676
         276     1.09884     1.45876     0.02322
         277     1.09926     1.45747   0.0231724
         278     1.09968     1.45618   0.0231248
         279     1.10009      1.4549   0.0230771
         280      1.1005     1.45364   0.0230294
         281     1.10091     1.45238   0.0229816
         282     1.10131     1.45114   0.0229338
         283     1.10171      1.4499    0.022886
         284     1.10211     1.44868   0.0228381
         285      1.1025     1.44746   0.0227903
         286     1.10289     1.44626   0.0227424
         287     1.10327     1.44506   0.0226946
         288     1.10365     1.44388   0.0226467
         289     1.10402      1.4427   0.0225988
         290     1.10439     1.44154    0.022551
         291     1.10475     1.44038   0.0225032
         292      1.1051     1.43923   0.0224554
         293     1.10545     1.43809   0.0224076
         294     1.10579     1.43696   0.0223599
         295     1.10613     1.43584   0.0223122
         296     1.10645     1.43473   0.0222646
         297     1.10677     1.43362    0.022217
         298     1.10708     1.43253   0.0221694
         299     1.10738     1.43144   0.0221219
         300     1.10768     1.43036   0.0220745
         301     1.10796     1.42929   0.0220271
         302     1.10824     1.42823   0.0219798
         303     1.10851     1.42717   0.0219326
         304     1.10877     1.42612   0.0218855
         305     1.10903     1.42508   0.0218384
         306     1.10927     1.42405   0.0217914
         307     1.10951     1.42303   0.0217445
         308     1.10975     1.42201   0.0216977
         309     1.10998       1.421   0.0216509
         310      1.1102        1.42   0.0216043
         311     1.11042       1.419   0.0215577
         312     1.11064     1.41801   0.0215113
         313     1.11086     1.41703   0.0214649
         314     1.11107     1.41606   0.0214187
         315     1.11129     1.41509   0.0213725
         316      1.1115     1.41413   0.0213265
         317     1.11172     1.41318   0.0212805
         318     1.11194     1.41223   0.0212347
         319     1.11217     1.41129   0.0211889
         320      1.1124     1.41035   0.0211433
         321     1.11264     1.40943   0.0210978
         322     1.11288     1.40851   0.0210523
         323     1.11314     1.40759    0.021007
         324      1.1134     1.40668   0.0209618
         325     1.11368     1.40578   0.0209167
         326     1.11396     1.40489   0.0208716
         327     1.11426       1.404   0.0208267
         328     1.11457     1.40311   0.0207819
         329     1.11489     1.40224   0.0207372
         330     1.11523     1.40137   0.0206926
         331     1.11558     1.40051   0.0206481
         332     1.11594     1.39965   0.0206037
         333     1.11631      1.3988   0.0205594
         334      1.1167     1.39795   0.0205152
         335      1.1171     1.39711    0.020471
         336     1.11751     1.39628    0.020427
         337     1.11793     1.39546   0.0203831
         338     1.11836     1.39464   0.0203393
         339      1.1188     1.39382   0.0202955
         340     1.11924     1.39302   0.0202519
         341     1.11969     1.39221   0.0202084
         342     1.12015     1.39142   0.0201649
         343      1.1206     1.39063   0.0201216
         344     1.12106     1.38985   0.0200784
         345     1.12151     1.38907   0.0200352
         346     1.12196      1.3883   0.0199922
         347      1.1224     1.38753   0.0199492
         348     1.12284     1.38677   0.0199064
         349     1.12326     1.38601   0.0198637
         350     1.12367     1.38526   0.0198211
         351     1.12407     1.38452   0.0197786
         352     1.12445     1.38378   0.0197362
         353     1.12481     1.38305   0.0196939
         354     1.12515     1.38232   0.0196517
         355     1.12547      1.3816   0.0196097
         356     1.12576     1.38088   0.0195678
         357     1.12602     1.38016    0.019526
         358     1.12626     1.37945   0.0194843
         359     1.12646     1.37875   0.0194428
         360     1.12663     1.37805   0.0194014
         361     1.12677     1.37735   0.0193601
         362     1.12687     1.37666    0.019319
         363     1.12694     1.37597    0.019278
         364     1.12697     1.37529   0.0192372
         365     1.12696     1.37461   0.0191965
         366     1.12692     1.37393    0.019156
         367     1.12684     1.37326   0.0191156
         368     1.12672     1.37259   0.0190754
         369     1.12656     1.37192   0.0190354
         370     1.12637     1.37126   0.0189955
         371     1.12613      1.3706   0.0189558
         372     1.12586     1.36994   0.0189162
         373     1.12555     1.36928   0.0188769
         374     1.12521     1.36863   0.0188377
         375     1.12483     1.36798   0.0187986
         376     1.12442     1.36733   0.0187598
         377     1.12398     1.36669   0.0187212
         378      1.1235     1.36604   0.0186827
         379       1.123      1.3654   0.0186444
         380     1.12247     1.36476   0.0186063
         381     1.12191     1.36413   0.0185684
         382     1.12132     1.36349   0.0185306
         383     1.12072     1.36286   0.0184931
         384     1.12009     1.36222   0.0184557
         385     1.11944     1.36159   0.0184186
         386     1.11878     1.36097   0.0183816
         387      1.1181     1.36034   0.0183448
         388      1.1174     1.35971   0.0183082
         389      1.1167     1.35909   0.0182718
         390     1.11599     1.35846   0.0182356
         391     1.11527     1.35784   0.0181995
         392     1.11454     1.35722   0.0181637
         393     1.11381      1.3566    0.018128
         394     1.11308     1.35598   0.0180925
         395     1.11235     1.35537   0.0180573
         396     1.11162     1.35475   0.0180221
         397      1.1109     1.35414   0.0179872
         398     1.11018     1.35352   0.0179525
         399     1.10947     1.35291   0.0179179
         400     1.10877      1.3523   0.0178835
         401     1.10808     1.35169   0.0178492
         402      1.1074     1.35109   0.0178152
         403     1.10674     1.35048   0.0177813
         404     1.10609     1.34987   0.0177476
         405     1.10545     1.34927    0.017714
         406     1.10484     1.34867   0.0176806
         407     1.10424     1.34807   0.0176474
         408     1.10366     1.34747   0.0176143
         409     1.10311     1.34687   0.0175813
         410     1.10258     1.34628   0.0175485
         411     1.10207     1.34568   0.0175159
         412     1.10158     1.34509   0.0174834
         413     1.10112      1.3445   0.0174511
         414     1.10069     1.34391   0.0174188
         415     1.10028     1.34332   0.0173867
         416     1.09991     1.34274   0.0173548
         417     1.09956     1.34215    0.017323
         418     1.09924     1.34157   0.0172913
         419     1.09895     1.34099   0.0172597
         420     1.09869     1.34042   0.0172282
         421     1.09847     1.33984   0.0171969
         422     1.09827     1.33927   0.0171657
         423     1.09811      1.3387   0.0171346
         424     1.09799     1.33813   0.0171036
         425      1.0979     1.33757   0.0170726
         426     1.09785       1.337   0.0170418
         427     1.09783     1.33644   0.0170111
         428     1.09785     1.33589   0.0169805
         429     1.09791     1.33533     0.01695
         430     1.09801     1.33478   0.0169196
         431     1.09816     1.33423   0.0168892
         432     1.09834     1.33368   0.0168589
         433     1.09857     1.33314   0.0168287
         434     1.09884      1.3326   0.0167986
         435     1.09916     1.33207   0.0167686
         436     1.09952     1.33153   0.0167386
         437     1.09993       1.331   0.0167087
         438     1.10039     1.33048   0.0166788
         439     1.10089     1.32995    0.016649
         440     1.10145     1.32943   0.0166193
         441     1.10206     1.32892   0.0165896
         442     1.10272     1.32841     0.01656
         443     1.10343      1.3279   0.0165304
         444      1.1042     1.32739   0.0165008
         445     1.10501     1.32689   0.0164713
         446     1.10588      1.3264   0.0164418
         447     1.10681     1.32591   0.0164124
         448     1.10778     1.32542    0.016383
         449     1.10881     1.32494   0.0163536
         450      1.1099     1.32446   0.0163242
         451     1.11104     1.32399   0.0162949
         452     1.11223     1.32352   0.0162656
         453     1.11347     1.32305   0.0162363
         454     1.11476      1.3226    0.016207
         455      1.1161     1.32214   0.0161777
         456     1.11749     1.32169   0.0161485
         457     1.11893     1.32125   0.0161192
         458     1.12041     1.32081     0.01609
         459     1.12193     1.32038   0.0160608
         460      1.1235     1.31995   0.0160315
         461      1.1251     1.31953   0.0160023
         462     1.12674     1.31911   0.0159731
         463     1.12841      1.3187    0.015944
         464     1.13012     1.31829   0.0159148
         465     1.13185     1.31789   0.0158856
         466     1.13361      1.3175   0.0158564
         467     1.13539     1.31711   0.0158273
         468     1.13719     1.31672   0.0157981
         469       1.139     1.31634    0.015769
         470     1.14083     1.31597   0.0157399
         471     1.14266      1.3156   0.0157107
         472      1.1445     1.31524   0.0156816
         473     1.14634     1.31488   0.0156525
         474     1.14818     1.31453   0.0156235
         475     1.15002     1.31418   0.0155944
         476     1.15185     1.31384   0.0155654
         477     1.15366     1.31351   0.0155364
         478     1.15547     1.31318   0.0155074
         479     1.15725     1.31285   0.0154784
         480     1.15902     1.31253   0.0154495
         481     1.16076     1.31221   0.0154206
         482     1.16248      1.3119   0.0153917
         483     1.16417      1.3116   0.0153629
         484     1.16584      1.3113   0.0153341
         485     1.16747       1.311   0.0153054
         486     1.16906     1.31071   0.0152767
         487     1.17062     1.31042    0.015248
         488     1.17214     1.31014   0.0152194
         489     1.17362     1.30986   0.0151908
         490     1.17506     1.30958   0.0151623
         491     1.17646     1.30931   0.0151339
         492     1.17781     1.30904   0.0151055
         493     1.17912     1.30878   0.0150771
         494     1.18039     1.30852   0.0150488
         495     1.18161     1.30826   0.0150206
         496     1.18278     1.30801   0.0149925
         497     1.18391     1.30776   0.0149644
         498     1.18499     1.30751   0.0149364
         499     1.18602     1.30727   0.0149084
         500     1.18701     1.30703   0.0148805
         501     1.18795     1.30679   0.0148527
         502     1.18884     1.30656    0.014825
         503     1.18969     1.30633   0.0147974
         504     1.19049      1.3061   0.0147698
         505     1.19125     1.30587   0.0147423
         506     1.19197     1.30564   0.0147149
         507     1.19264     1.30542   0.0146875
         508     1.19327      1.3052   0.0146603
         509     1.19386     1.30498   0.0146331
         510     1.19441     1.30476    0.014606
         511     1.19492     1.30455    0.014579
         512     1.19539     1.30434   0.0145521
         513     1.19582     1.30412   0.0145253
         514     1.19622     1.30391   0.0144985
         515     1.19658     1.30371   0.0144719
         516      1.1969      1.3035   0.0144453
         517      1.1972     1.30329   0.0144188
         518     1.19746     1.30309   0.0143924
         519     1.19769     1.30289   0.0143661
         520      1.1979     1.30268   0.0143399
         521     1.19807     1.30248   0.0143138
         522     1.19822     1.30228   0.0142878
         523     1.19834     1.30209   0.0142619
         524     1.19843     1.30189    0.014236
         525      1.1985     1.30169   0.0142103
         526     1.19855     1.30149   0.0141846
         527     1.19858      1.3013    0.014159
         528     1.19858      1.3011   0.0141335
         529     1.19857     1.30091   0.0141082
         530     1.19854     1.30072   0.0140829
         531     1.19849     1.30053   0.0140576
         532     1.19842     1.30033   0.0140325
         533     1.19833     1.30014   0.0140075
         534     1.19823     1.29995   0.0139826
         535     1.19812     1.29976   0.0139577
         536     1.19799     1.29957    0.013933
         537     1.19785     1.29938   0.0139083
         538      1.1977     1.29919   0.0138838
         539     1.19753       1.299   0.0138593
         540     1.19735     1.29882   0.0138349
         541     1.19717     1.29863   0.0138106
         542     1.19697     1.29844   0.0137864
         543     1.19676     1.29825   0.0137623
         544     1.19655     1.29807   0.0137382
         545     1.19632     1.29788   0.0137143
         546     1.19609     1.29769   0.0136905
         547     1.19584     1.29751   0.0136667
         548     1.19559     1.29732    0.013643
         549     1.19534     1.29713   0.0136194
         550     1.19507     1.29695   0.0135959
         551      1.1948     1.29676   0.0135725
         552     1.19453     1.29658   0.0135492
         553     1.19424     1.29639    0.013526
         554     1.19395     1.29621   0.0135028
         555     1.19365     1.29602   0.0134797
         556     1.19335     1.29584   0.0134568
         557     1.19303     1.29565   0.0134339
         558     1.19271     1.29547   0.0134111
         559     1.19239     1.29529   0.0133883
         560     1.19205      1.2951   0.0133657
         561     1.19171     1.29492   0.0133432
         562     1.19136     1.29473   0.0133207
         563     1.19101     1.29455   0.0132983
         564     1.19064     1.29436    0.013276
         565     1.19027     1.29418   0.0132538
         566     1.18989       1.294   0.0132316
         567      1.1895     1.29381   0.0132096
         568      1.1891     1.29363   0.0131876
         569     1.18868     1.29344   0.0131657
         570     1.18826     1.29326   0.0131439
         571     1.18783     1.29307   0.0131222
         572     1.18739     1.29289   0.0131006
         573     1.18693      1.2927    0.013079
         574     1.18647     1.29252   0.0130575
         575     1.18599     1.29233   0.0130361
         576      1.1855     1.29215   0.0130148
         577     1.18499     1.29196   0.0129936
         578     1.18447     1.29178   0.0129724
         579     1.18393     1.29159   0.0129514
         580     1.18338      1.2914   0.0129304
         581     1.18282     1.29122   0.0129095
         582     1.18223     1.29103   0.0128887
         583     1.18163     1.29084   0.0128679
         584     1.18102     1.29065   0.0128473
         585     1.18039     1.29047   0.0128267
         586     1.17974     1.29028   0.0128062
         587     1.17907     1.29009   0.0127858
         588     1.17838      1.2899   0.0127654
         589     1.17767     1.28971   0.0127452
         590     1.17695     1.28952    0.012725
         591      1.1762     1.28932   0.0127049
         592     1.17544     1.28913   0.0126849
         593     1.17466     1.28894    0.012665
         594     1.17385     1.28874   0.0126452
         595     1.17303     1.28855   0.0126254
         596     1.17219     1.28835   0.0126057
         597     1.17132     1.28816   0.0125861
         598     1.17044     1.28796   0.0125666
         599     1.16954     1.28776   0.0125472
         600     1.16862     1.28757   0.0125279
         601     1.16768     1.28737   0.0125086
         602     1.16672     1.28717   0.0124894
         603     1.16574     1.28696   0.0124703
         604     1.16475     1.28676   0.0124513
         605     1.16373     1.28656   0.0124324
         606     1.16271     1.28635   0.0124136
         607     1.16166     1.28615   0.0123948
         608      1.1606     1.28594   0.0123762
         609     1.15953     1.28573   0.0123576
         610     1.15844     1.28553   0.0123391
         611     1.15733     1.28532   0.0123207
         612     1.15622     1.28511   0.0123024
         613     1.15509     1.28489   0.0122841
         614     1.15396     1.28468    0.012266
         615     1.15281     1.28447   0.0122479
         616     1.15165     1.28425   0.0122299
         617     1.15048     1.28403    0.012212
         618     1.14931     1.28381   0.0121942
         619     1.14813      1.2836   0.0121765
         620     1.14694     1.28338   0.0121588
         621     1.14575     1.28315   0.0121412
         622     1.14456     1.28293   0.0121238
         623     1.14335     1.28271   0.0121064
         624     1.14215     1.28248   0.0120891
         625     1.14095     1.28226   0.0120719
         626     1.13974     1.28203   0.0120547
         627     1.13853      1.2818   0.0120377
         628     1.13732     1.28157   0.0120207
         629     1.13611     1.28134   0.0120038
         630     1.13489      1.2811    0.011987
         631     1.13368     1.28087   0.0119703
         632     1.13247     1.28064   0.0119536
         633     1.13126      1.2804   0.0119371
         634     1.13005     1.28016   0.0119206
         635     1.12884     1.27992   0.0119042
         636     1.12763     1.27969   0.0118879
         637     1.12641     1.27944   0.0118717
         638      1.1252      1.2792   0.0118555
         639     1.12399     1.27896   0.0118395
         640     1.12278     1.27872   0.0118235
         641     1.12157     1.27847   0.0118076
         642     1.12036     1.27822   0.0117918
         643     1.11915     1.27798    0.011776
         644     1.11794     1.27773   0.0117604
         645     1.11672     1.27748   0.0117448
         646      1.1155     1.27723   0.0117293
         647     1.11428     1.27698   0.0117138
         648     1.11306     1.27672   0.0116985
         649     1.11184     1.27647   0.0116832
         650     1.11061     1.27621    0.011668
         651     1.10938     1.27596   0.0116529
         652     1.10815      1.2757   0.0116379
         653     1.10691     1.27544    0.011623
         654     1.10567     1.27518   0.0116081
         655     1.10443     1.27492   0.0115933
         656     1.10318     1.27466   0.0115786
         657     1.10193      1.2744   0.0115639
         658     1.10068     1.27413   0.0115494
         659     1.09943     1.27387   0.0115349
         660     1.09817      1.2736   0.0115205
         661     1.09691     1.27333   0.0115061
         662     1.09565     1.27307   0.0114919
         663     1.09439      1.2728   0.0114777
         664     1.09313     1.27253   0.0114636
         665     1.09187     1.27225   0.0114496
         666     1.09061     1.27198   0.0114357
         667     1.08935     1.27171   0.0114218
         668      1.0881     1.27143    0.011408
         669     1.08685     1.27116   0.0113943
         670     1.08561     1.27088   0.0113806
         671     1.08438      1.2706   0.0113671
         672     1.08315     1.27032   0.0113536
         673     1.08194     1.27004   0.0113402
         674     1.08074     1.26976   0.0113268
         675     1.07956     1.26948   0.0113135
         676     1.07839      1.2692   0.0113003
         677     1.07724     1.26891   0.0112872
         678     1.07611     1.26863   0.0112741
         679       1.075     1.26835   0.0112611
         680     1.07391     1.26806   0.0112482
         681     1.07285     1.26777   0.0112353
         682     1.07181     1.26749   0.0112225
         683     1.07081      1.2672   0.0112098
         684     1.06983     1.26691   0.0111971
         685     1.06888     1.26662   0.0111845
         686     1.06797     1.26633    0.011172
         687      1.0671     1.26604   0.0111595
         688     1.06626     1.26575    0.011147
         689     1.06546     1.26546   0.0111346
         690      1.0647     1.26517   0.0111223
         691     1.06398     1.26488     0.01111
         692      1.0633     1.26459   0.0110978
         693     1.06267     1.26429   0.0110856
         694     1.06209       1.264   0.0110734
         695     1.06155     1.26371   0.0110613
         696     1.06106     1.26342   0.0110493
         697     1.06061     1.26313   0.0110373
         698     1.06022     1.26284   0.0110253
         699     1.05988     1.26255   0.0110133
         700     1.05959     1.26226   0.0110014
         701     1.05934     1.26197   0.0109895
         702     1.05915     1.26168   0.0109777
         703     1.05901     1.26139   0.0109658
         704     1.05893      1.2611    0.010954
         705     1.05889     1.26082   0.0109422
         706     1.05891     1.26053   0.0109305
         707     1.05898     1.26025   0.0109187
         708      1.0591     1.25996    0.010907
         709     1.05927     1.25968   0.0108953
         710      1.0595      1.2594   0.0108836
         711     1.05977     1.25912   0.0108719
         712      1.0601     1.25884   0.0108602
         713     1.06048     1.25856   0.0108486
         714      1.0609     1.25828   0.0108369
         715     1.06137     1.25801   0.0108252
         716     1.06189     1.25773   0.0108136
         717     1.06246     1.25746   0.0108019
         718     1.06307     1.25719   0.0107903
         719     1.06372     1.25692   0.0107786
         720     1.06442     1.25665    0.010767
         721     1.06516     1.25639   0.0107553
         722     1.06594     1.25612   0.0107437
         723     1.06676     1.25586    0.010732
         724     1.06761      1.2556   0.0107203
         725      1.0685     1.25534   0.0107086
         726     1.06943     1.25509   0.0106969
         727     1.07039     1.25483   0.0106852
         728     1.07138     1.25458   0.0106735
         729      1.0724     1.25433   0.0106618
         730     1.07345     1.25408   0.0106501
         731     1.07452     1.25384   0.0106384
         732     1.07562     1.25359   0.0106266
         733     1.07674     1.25335   0.0106149
         734     1.07788     1.25311   0.0106031
         735     1.07904     1.25288   0.0105913
         736     1.08022     1.25264   0.0105795
         737     1.08142     1.25241   0.0105677
         738     1.08263     1.25218   0.0105559
         739     1.08385     1.25195   0.0105441
         740     1.08508     1.25173   0.0105322
         741     1.08632      1.2515   0.0105204
         742     1.08757     1.25128   0.0105085
         743     1.08882     1.25106   0.0104966
         744     1.09008     1.25085   0.0104848
         745     1.09134     1.25063   0.0104729
         746      1.0926     1.25042    0.010461
         747     1.09386     1.25021   0.0104491
         748     1.09512     1.25001   0.0104372
         749     1.09637      1.2498   0.0104252
         750     1.09762      1.2496   0.0104133
         751     1.09886      1.2494   0.0104014
         752      1.1001      1.2492   0.0103895
         753     1.10133       1.249   0.0103775
         754     1.10255     1.24881   0.0103656
         755     1.10376     1.24862   0.0103536
         756     1.10495     1.24843   0.0103417
         757     1.10614     1.24824   0.0103297
         758     1.10731     1.24805   0.0103178
         759     1.10846     1.24787   0.0103058
         760      1.1096     1.24769   0.0102938
         761     1.11072     1.24751   0.0102819
         762     1.11183     1.24733   0.0102699
         763     1.11292     1.24715    0.010258
         764     1.11399     1.24698    0.010246
         765     1.11504      1.2468   0.0102341
         766     1.11607     1.24663   0.0102222
         767     1.11707     1.24646   0.0102102
         768     1.11806      1.2463   0.0101983
         769     1.11903     1.24613   0.0101864
         770     1.11997     1.24597   0.0101745
         771     1.12089     1.24581   0.0101626
         772     1.12178     1.24565   0.0101507
         773     1.12266     1.24549   0.0101388
         774      1.1235     1.24533   0.0101269
         775     1.12432     1.24517   0.0101151
         776     1.12512     1.24502   0.0101032
         777     1.12588     1.24486   0.0100914
         778     1.12662     1.24471   0.0100795
         779     1.12733     1.24456   0.0100677
         780     1.12802     1.24441   0.0100559
         781     1.12867     1.24426   0.0100441
         782     1.12929     1.24412   0.0100324
         783     1.12988     1.24397   0.0100206
         784     1.13044     1.24383   0.0100089
         785     1.13096     1.24368  0.00999718
         786     1.13145     1.24354  0.00998548
         787     1.13191      1.2434   0.0099738
         788     1.13233     1.24326  0.00996213
         789     1.13271     1.24312  0.00995049
         790     1.13306     1.24298  0.00993887
         791     1.13337     1.24284  0.00992727
         792     1.13364      1.2427   0.0099157
         793     1.13387     1.24256  0.00990414
         794     1.13406     1.24243  0.00989261
         795      1.1342     1.24229   0.0098811
         796     1.13431     1.24216  0.00986962
         797     1.13437     1.24202  0.00985817
         798     1.13439     1.24189  0.00984673
         799     1.13436     1.24175  0.00983533
         800     1.13429     1.24162  0.00982395
         801     1.13418     1.24148   0.0098126
         802     1.13401     1.24135  0.00980128
         803     1.13381     1.24121  0.00978999
         804     1.13355     1.24108  0.00977873
         805     1.13325     1.24095   0.0097675
         806      1.1329     1.24081   0.0097563
         807     1.13251     1.24068  0.00974514
         808     1.13207     1.24054    0.009734
         809     1.13159     1.24041   0.0097229
         810     1.13107     1.24027  0.00971184
         811      1.1305     1.24014   0.0097008
         812     1.12989        1.24  0.00968981
         813     1.12924     1.23987  0.00967885
         814     1.12855     1.23973  0.00966792
         815     1.12782     1.23959  0.00965703
         816     1.12706     1.23945  0.00964618
         817     1.12626     1.23932  0.00963537
         818     1.12544     1.23918   0.0096246
         819     1.12458     1.23904  0.00961386
         820     1.12371      1.2389  0.00960317
         821      1.1228     1.23876  0.00959251
         822     1.12188     1.23861   0.0095819
         823     1.12094     1.23847  0.00957132
         824     1.11999     1.23833  0.00956079
         825     1.11903     1.23818  0.00955029
         826     1.11806     1.23804  0.00953983
         827     1.11709     1.23789  0.00952942
         828     1.11612     1.23774  0.00951905
         829     1.11516      1.2376  0.00950871
         830      1.1142     1.23745  0.00949842
         831     1.11325      1.2373  0.00948816
         832     1.11232     1.23715  0.00947795
         833     1.11141       1.237  0.00946777
         834     1.11052     1.23684  0.00945763
         835     1.10965     1.23669  0.00944753
         836     1.10881     1.23654  0.00943747
         837       1.108     1.23639  0.00942745
         838     1.10723     1.23623  0.00941746
         839     1.10648     1.23608   0.0094075
         840     1.10578     1.23592  0.00939758
         841     1.10511     1.23577  0.00938769
         842     1.10448     1.23561  0.00937784
         843     1.10389     1.23545  0.00936802
         844     1.10334      1.2353  0.00935822
         845     1.10283     1.23514  0.00934846
         846     1.10237     1.23498  0.00933873
         847     1.10194     1.23483  0.00932902
         848     1.10155     1.23467  0.00931935
         849     1.10121     1.23451   0.0093097
         850      1.1009     1.23435  0.00930007
         851     1.10062      1.2342  0.00929047
         852     1.10038     1.23404  0.00928089
         853     1.10017     1.23388  0.00927134
         854     1.09999     1.23373  0.00926181
         855     1.09983     1.23357   0.0092523
         856      1.0997     1.23341  0.00924281
         857     1.09959     1.23326  0.00923335
         858      1.0995      1.2331   0.0092239
         859     1.09943     1.23295  0.00921448
         860     1.09936     1.23279  0.00920507
         861     1.09931     1.23264  0.00919568
         862     1.09926     1.23248  0.00918632
         863     1.09921     1.23233  0.00917697
         864     1.09916     1.23217  0.00916764
         865     1.09911     1.23202  0.00915834
         866     1.09905     1.23187  0.00914905
         867     1.09898     1.23171  0.00913978
         868      1.0989     1.23156  0.00913053
         869     1.09881     1.23141   0.0091213
         870      1.0987     1.23125  0.00911209
         871     1.09858      1.2311   0.0091029
         872     1.09843     1.23095  0.00909374
         873     1.09827      1.2308  0.00908459
         874     1.09808     1.23065  0.00907546
         875     1.09787     1.23049  0.00906636
         876     1.09764     1.23034  0.00905728
         877     1.09737     1.23019  0.00904822
         878     1.09709     1.23004  0.00903918
         879     1.09677     1.22989  0.00903017
         880     1.09643     1.22974  0.00902118
         881     1.09607     1.22958  0.00901222
         882     1.09568     1.22943  0.00900328
         883     1.09526     1.22928  0.00899437
         884     1.09482     1.22913  0.00898548
         885     1.09436     1.22898  0.00897662
         886     1.09387     1.22882  0.00896778
         887     1.09336     1.22867  0.00895897
         888     1.09282     1.22852  0.00895019
         889     1.09227     1.22836  0.00894143
         890      1.0917     1.22821   0.0089327
         891      1.0911     1.22806    0.008924
         892      1.0905      1.2279  0.00891533
         893     1.08988     1.22775  0.00890669
         894     1.08924     1.22759  0.00889807
         895     1.08859     1.22744  0.00888948
         896     1.08794     1.22728  0.00888093
         897     1.08727     1.22713   0.0088724
         898     1.08659     1.22697   0.0088639
         899     1.08591     1.22681  0.00885543
         900     1.08523     1.22666  0.00884698
         901     1.08454      1.2265  0.00883857
         902     1.08385     1.22634  0.00883019
         903     1.08317     1.22618  0.00882183
         904     1.08248     1.22602   0.0088135
         905     1.08179     1.22586  0.00880521
         906     1.08111      1.2257  0.00879694
         907     1.08043     1.22554   0.0087887
         908     1.07976     1.22538  0.00878048
         909     1.07909     1.22522   0.0087723
         910     1.07843     1.22506  0.00876414
         911     1.07778      1.2249  0.00875601
         912     1.07713     1.22474  0.00874791
         913      1.0765     1.22457  0.00873984
         914     1.07587     1.22441  0.00873179
         915     1.07525     1.22425  0.00872377
         916     1.07465     1.22408  0.00871577
         917     1.07405     1.22392   0.0087078
         918     1.07347     1.22376  0.00869986
         919     1.07289     1.22359  0.00869194
         920     1.07233     1.22343  0.00868405
         921     1.07178     1.22326  0.00867618
         922     1.07125      1.2231  0.00866834
         923     1.07072     1.22293  0.00866052
         924     1.07021     1.22277  0.00865272
         925     1.06971      1.2226  0.00864495
         926     1.06922     1.22244   0.0086372
         927     1.06875     1.22227  0.00862947
         928     1.06829     1.22211  0.00862177
         929     1.06785     1.22194  0.00861409
         930     1.06742     1.22177  0.00860643
         931     1.06701     1.22161  0.00859879
         932     1.06661     1.22144  0.00859117
         933     1.06622     1.22127  0.00858357
         934     1.06586     1.22111    0.008576
         935     1.06551     1.22094  0.00856844
         936     1.06518     1.22078   0.0085609
         937     1.06487     1.22061  0.00855338
         938     1.06458     1.22044  0.00854588
         939     1.06431     1.22028  0.00853839
         940     1.06406     1.22011  0.00853093
         941     1.06383     1.21994  0.00852348
         942     1.06363     1.21978  0.00851605
         943     1.06345     1.21961  0.00850863
         944     1.06329     1.21945  0.00850123
         945     1.06316     1.21928  0.00849384
         946     1.06306     1.21912  0.00848647
         947     1.06298     1.21895  0.00847911
         948     1.06293     1.21879  0.00847176
         949      1.0629     1.21862  0.00846442
         950     1.06291     1.21846   0.0084571
         951     1.06294      1.2183  0.00844979
         952     1.06299     1.21813  0.00844249
         953     1.06308     1.21797   0.0084352
         954     1.06319     1.21781  0.00842791
         955     1.06333     1.21765  0.00842064
         956     1.06349     1.21748  0.00841338
         957     1.06368     1.21732  0.00840612
         958      1.0639     1.21716  0.00839887
         959     1.06414       1.217  0.00839163
         960      1.0644     1.21684  0.00838439
         961     1.06468     1.21669  0.00837716
         962     1.06498     1.21653  0.00836994
         963     1.06529     1.21637  0.00836272
         964     1.06562     1.21622  0.00835551
         965     1.06597     1.21606   0.0083483
         966     1.06633      1.2159   0.0083411
         967      1.0667     1.21575   0.0083339
         968     1.06707      1.2156   0.0083267
         969     1.06745     1.21544  0.00831951
         970     1.06783     1.21529  0.00831233
         971     1.06821     1.21514  0.00830515
         972     1.06859     1.21499  0.00829797
         973     1.06897     1.21484   0.0082908
         974     1.06934     1.21469  0.00828363
         975      1.0697     1.21454  0.00827647
         976     1.07004     1.21439  0.00826932
         977     1.07038     1.21425  0.00826217
         978      1.0707      1.2141  0.00825502
         979       1.071     1.21395  0.00824788
         980     1.07127     1.21381  0.00824075
         981     1.07153     1.21366  0.00823363
         982     1.07176     1.21352  0.00822651
         983     1.07197     1.21337   0.0082194
         984     1.07215     1.21323   0.0082123
         985      1.0723     1.21309  0.00820521
         986     1.07242     1.21294  0.00819813
         987     1.07251      1.2128  0.00819106
         988     1.07256     1.21266    0.008184
         989     1.07258     1.21252  0.00817695
         990     1.07256     1.21238  0.00816991
         991      1.0725     1.21224  0.00816289
         992      1.0724     1.21209  0.00815588
         993     1.07227     1.21195  0.00814888
         994      1.0721     1.21181  0.00814189
         995     1.07188     1.21167  0.00813493
         996     1.07163     1.21153  0.00812797
         997     1.07133     1.21139  0.00812104
         998     1.07099     1.21125  0.00811412
         999     1.07061     1.21111  0.00810722
        1000     1.07019     1.21097  0.00810033
        1001     1.06972     1.21083  0.00809347
        1002     1.06921     1.21069  0.00808663
        1003     1.06866     1.21055   0.0080798
        1004     1.06807      1.2104    0.008073
        1005     1.06743     1.21026  0.00806622
        1006     1.06675     1.21012  0.00805947
        1007     1.06603     1.20998  0.00805273
        1008     1.06526     1.20983  0.00804602
        1009     1.06446     1.20969  0.00803934
        1010     1.06362     1.20954  0.00803268
        1011     1.06274      1.2094  0.00802605
        1012     1.06182     1.20925  0.00801944
        1013     1.06086     1.20911  0.00801286
        1014     1.05987     1.20896  0.00800631
        1015     1.05884     1.20881  0.00799979
        1016     1.05778     1.20866   0.0079933
        1017     1.05668     1.20851  0.00798684
        1018     1.05556     1.20836   0.0079804
        1019      1.0544     1.20821    0.007974
        1020     1.05322     1.20806  0.00796763
        1021     1.05202     1.20791  0.00796129
        1022     1.05078     1.20775  0.00795499
        1023     1.04953      1.2076  0.00794871
        1024     1.04826     1.20744  0.00794248
        1025     1.04697     1.20729  0.00793627
        1026     1.04566     1.20713   0.0079301
        1027     1.04434     1.20697  0.00792396
        1028     1.04301     1.20681  0.00791786
        1029     1.04167     1.20665  0.00791179
        1030     1.04032     1.20649  0.00790575
        1031     1.03897     1.20633  0.00789976
        1032     1.03762     1.20616  0.00789379
        1033     1.03626       1.206  0.00788786
        1034     1.03491     1.20583  0.00788197
        1035     1.03356     1.20567  0.00787611
        1036     1.03222      1.2055  0.00787029
        1037     1.03089     1.20533   0.0078645
        1038     1.02956     1.20516  0.00785875
        1039     1.02824     1.20499  0.00785303
        1040     1.02694     1.20482  0.00784734
        1041     1.02565     1.20465  0.00784169
        1042     1.02437     1.20447  0.00783607
        1043     1.02311      1.2043  0.00783049
        1044     1.02187     1.20413  0.00782494
        1045     1.02065     1.20395  0.00781942
        1046     1.01944     1.20377  0.00781393
        1047     1.01826      1.2036  0.00780848
        1048     1.01709     1.20342  0.00780306
        1049     1.01594     1.20324  0.00779767
        1050     1.01481     1.20306   0.0077923
        1051     1.01371     1.20288  0.00778697
        1052     1.01262      1.2027  0.00778167
        1053     1.01155     1.20252   0.0077764
        1054      1.0105     1.20234  0.00777115
        1055     1.00947     1.20215  0.00776594
        1056     1.00845     1.20197  0.00776075
        1057     1.00746     1.20179  0.00775559
        1058     1.00648      1.2016  0.00775045
        1059     1.00552     1.20142  0.00774535
        1060     1.00458     1.20123  0.00774027
        1061     1.00365     1.20104  0.00773521
        1062     1.00274     1.20086  0.00773018
        1063     1.00184     1.20067  0.00772517
        1064     1.00097     1.20048  0.00772019
        1065      1.0001     1.20029  0.00771524
        1066    0.999254     1.20011   0.0077103
        1067    0.998422     1.19992  0.00770539
        1068    0.997606     1.19973  0.00770051
        1069    0.996805     1.19954  0.00769564
        1070    0.996021     1.19935   0.0076908
        1071    0.995254     1.19916  0.00768598
        1072    0.994505     1.19897  0.00768118
        1073    0.993773     1.19877   0.0076764
        1074    0.993061     1.19858  0.00767165
        1075    0.992368     1.19839  0.00766691
        1076    0.991695      1.1982  0.00766219
        1077    0.991045     1.19801  0.00765749
        1078    0.990418     1.19781   0.0076528
        1079    0.989815     1.19762  0.00764814
        1080    0.989238     1.19743  0.00764349
        1081    0.988689     1.19723  0.00763886
        1082    0.988168     1.19704  0.00763424
        1083    0.987677     1.19685  0.00762964
        1084    0.987218     1.19665  0.00762505
        1085    0.986791     1.19646  0.00762048
        1086    0.986399     1.19627  0.00761592
        1087    0.986042     1.19607  0.00761136
        1088    0.985723     1.19588  0.00760682
        1089    0.985443     1.19569  0.00760229
        1090    0.985203     1.19549  0.00759777
        1091    0.985005      1.1953  0.00759326
        1092    0.984851     1.19511  0.00758875
        1093    0.984742     1.19492  0.00758424
        1094    0.984678     1.19472  0.00757975
        1095     0.98466     1.19453  0.00757525
        1096     0.98469     1.19434  0.00757076
        1097    0.984768     1.19415  0.00756627
        1098    0.984896     1.19396  0.00756178
        1099    0.985074     1.19377  0.00755728
        1100    0.985303     1.19358  0.00755279
        1101    0.985583     1.19339  0.00754829
        1102    0.985914      1.1932  0.00754379
        1103    0.986298     1.19302  0.00753928
        1104    0.986733     1.19283  0.00753477
        1105    0.987221     1.19264  0.00753025
        1106     0.98776     1.19246  0.00752572
        1107    0.988351     1.19227  0.00752118
        1108    0.988995     1.19209  0.00751663
        1109    0.989689     1.19191  0.00751206
        1110    0.990435     1.19173  0.00750749
        1111     0.99123     1.19154   0.0075029
        1112    0.992076     1.19137   0.0074983
        1113     0.99297     1.19119  0.00749368
        1114    0.993913     1.19101  0.00748904
        1115    0.994903     1.19083  0.00748439
        1116    0.995939     1.19066  0.00747972
        1117    0.997021     1.19049  0.00747503
        1118    0.998148     1.19031  0.00747033
        1119    0.999318     1.19014   0.0074656
        1120     1.00053     1.18997  0.00746085
        1121     1.00178     1.18981  0.00745609
        1122     1.00308     1.18964   0.0074513
        1123     1.00441     1.18947  0.00744649
        1124     1.00577     1.18931  0.00744166
        1125     1.00718     1.18915   0.0074368
        1126     1.00862     1.18899  0.00743193
        1127     1.01009     1.18883  0.00742703
        1128     1.01159     1.18867  0.00742211
        1129     1.01312     1.18852  0.00741716
        1130     1.01468     1.18836  0.00741219
        1131     1.01626     1.18821   0.0074072
        1132     1.01788     1.18806  0.00740219
        1133     1.01951     1.18791  0.00739715
        1134     1.02117     1.18777  0.00739208
        1135     1.02285     1.18762    0.007387
        1136     1.02455     1.18748  0.00738189
        1137     1.02626     1.18733  0.00737676
        1138       1.028     1.18719  0.00737161
        1139     1.02975     1.18706  0.00736643
        1140     1.03151     1.18692  0.00736123
        1141     1.03329     1.18679  0.00735601
        1142     1.03508     1.18665  0.00735077
        1143     1.03688     1.18652  0.00734551
        1144     1.03869     1.18639  0.00734022
        1145     1.04051     1.18627  0.00733492
        1146     1.04233     1.18614  0.00732959
        1147     1.04417     1.18602  0.00732425
        1148     1.04601     1.18589  0.00731888
        1149     1.04785     1.18577   0.0073135
        1150      1.0497     1.18566   0.0073081
        1151     1.05155     1.18554  0.00730268
        1152      1.0534     1.18542  0.00729724
        1153     1.05525     1.18531  0.00729178
        1154     1.05711      1.1852  0.00728631
        1155     1.05897     1.18509  0.00728082
        1156     1.06083     1.18498  0.00727532
        1157     1.06269     1.18488   0.0072698
        1158     1.06455     1.18477  0.00726426
        1159     1.06641     1.18467  0.00725871
        1160     1.06827     1.18457  0.00725315
        1161     1.07013     1.18447  0.00724757
        1162     1.07199     1.18438  0.00724198
        1163     1.07385     1.18428  0.00723638
        1164     1.07571     1.18419  0.00723076
        1165     1.07756      1.1841  0.00722513
        1166     1.07942     1.18401  0.00721949
        1167     1.08128     1.18392  0.00721384
        1168     1.08314     1.18383  0.00720818
        1169       1.085     1.18375  0.00720251
        1170     1.08686     1.18366  0.00719683
        1171     1.08872     1.18358  0.00719114
        1172     1.09058      1.1835  0.00718545
        1173     1.09244     1.18343  0.00717974
        1174      1.0943     1.18335  0.00717403
        1175     1.09616     1.18328   0.0071683
        1176     1.09803      1.1832  0.00716257
        1177     1.09989     1.18313  0.00715684
        1178     1.10175     1.18306   0.0071511
        1179     1.10362       1.183  0.00714535
        1180     1.10548     1.18293   0.0071396
        1181     1.10734     1.18287  0.00713384
        1182      1.1092      1.1828  0.00712807
        1183     1.11106     1.18274  0.00712231
        1184     1.11291     1.18269  0.00711654
        1185     1.11476     1.18263  0.00711076
        1186     1.11661     1.18257  0.00710498
        1187     1.11845     1.18252   0.0070992
        1188     1.12029     1.18247  0.00709342
        1189     1.12212     1.18241  0.00708764
        1190     1.12393     1.18237  0.00708185
        1191     1.12574     1.18232  0.00707606
        1192     1.12754     1.18227  0.00707028
        1193     1.12932     1.18223  0.00706449
        1194     1.13109     1.18219   0.0070587
        1195     1.13284     1.18214  0.00705292
        1196     1.13458      1.1821  0.00704713
        1197      1.1363     1.18207  0.00704135
        1198     1.13799     1.18203  0.00703557
        1199     1.13966     1.18199  0.00702979
        1200     1.14131     1.18196  0.00702401
        1201     1.14293     1.18193  0.00701824
        1202     1.14452      1.1819  0.00701247
        1203     1.14609     1.18187   0.0070067
        1204     1.14762     1.18184  0.00700094
        1205     1.14913     1.18181  0.00699518
        1206      1.1506     1.18178  0.00698943
        1207     1.15204     1.18176  0.00698368
        1208     1.15344     1.18174  0.00697794
        1209      1.1548     1.18171  0.00697221
        1210     1.15613     1.18169  0.00696648
        1211     1.15742     1.18167  0.00696075
        1212     1.15867     1.18165  0.00695503
        1213     1.15987     1.18164  0.00694932
        1214     1.16104     1.18162  0.00694362
        1215     1.16216      1.1816  0.00693792
        1216     1.16325     1.18159  0.00693223
        1217     1.16429     1.18157  0.00692655
        1218     1.16528     1.18156  0.00692088
        1219     1.16624     1.18155  0.00691521
        1220     1.16715     1.18154  0.00690955
        1221     1.16802     1.18153   0.0069039
        1222     1.16884     1.18151  0.00689826
        1223     1.16963     1.18151  0.00689263
        1224     1.17037      1.1815    0.006887
        1225     1.17107     1.18149  0.00688139
        1226     1.17173     1.18148  0.00687578
        1227     1.17236     1.18147  0.00687018
        1228     1.17294     1.18147  0.00686459
        1229     1.17349     1.18146  0.00685901
        1230       1.174     1.18145  0.00685343
        1231     1.17447     1.18145  0.00684787
        1232     1.17491     1.18144  0.00684231
        1233     1.17532     1.18144  0.00683676
        1234      1.1757     1.18143  0.00683122
        1235     1.17604     1.18143  0.00682569
        1236     1.17636     1.18142  0.00682017
        1237     1.17665     1.18142  0.00681466
        1238     1.17692     1.18142  0.00680916
        1239     1.17716     1.18141  0.00680366
        1240     1.17738     1.18141  0.00679818
        1241     1.17758     1.18141   0.0067927
        1242     1.17776      1.1814  0.00678723
        1243     1.17792      1.1814  0.00678177
        1244     1.17806      1.1814  0.00677632
        1245     1.17819      1.1814  0.00677088
        1246     1.17831     1.18139  0.00676544
        1247     1.17841     1.18139  0.00676002
        1248      1.1785     1.18139   0.0067546
        1249     1.17858     1.18139  0.00674919
        1250     1.17865     1.18138   0.0067438
        1251     1.17872     1.18138  0.00673841
        1252     1.17877     1.18138  0.00673302
        1253     1.17882     1.18138  0.00672765
        1254     1.17886     1.18138  0.00672229
        1255      1.1789     1.18137  0.00671693
        1256     1.17893     1.18137  0.00671158
        1257     1.17896     1.18137  0.00670624
        1258     1.17899     1.18137  0.00670091
        1259     1.17901     1.18137  0.00669559
        1260     1.17903     1.18136  0.00669028
        1261     1.17905     1.18136  0.00668497
        1262     1.17906     1.18136  0.00667967
        1263     1.17907     1.18136  0.00667439
        1264     1.17908     1.18136  0.00666911
        1265     1.17909     1.18135  0.00666383
        1266     1.17909     1.18135  0.00665857
        1267     1.17909     1.18135  0.00665332
        1268     1.17908     1.18135  0.00664807
        1269     1.17907     1.18135  0.00664283
        1270     1.17905     1.18135   0.0066376
        1271     1.17903     1.18134  0.00663238
        1272     1.17901     1.18134  0.00662716
        1273     1.17898     1.18134  0.00662196
        1274     1.17894     1.18134  0.00661676
        1275     1.17889     1.18134  0.00661157
        1276     1.17884     1.18133  0.00660639
        1277     1.17878     1.18133  0.00660122
        1278     1.17871     1.18133  0.00659605
        1279     1.17863     1.18133  0.00659089
        1280     1.17854     1.18133  0.00658575
        1281     1.17845     1.18132  0.00658061
        1282     1.17834     1.18132  0.00657547
        1283     1.17823     1.18132  0.00657035
        1284     1.17811     1.18132  0.00656523
        1285     1.17797     1.18131  0.00656012
        1286     1.17783     1.18131  0.00655502
        1287     1.17768     1.18131  0.00654993
        1288     1.17752     1.18131  0.00654484
        1289     1.17735      1.1813  0.00653977
        1290     1.17717      1.1813   0.0065347
        1291     1.17699      1.1813  0.00652964
        1292     1.17679     1.18129  0.00652459
        1293     1.17659     1.18129  0.00651954
        1294     1.17638     1.18129   0.0065145
        1295     1.17617     1.18128  0.00650947
        1296     1.17596     1.18128  0.00650445
        1297     1.17573     1.18127  0.00649944
        1298     1.17551     1.18127  0.00649443
        1299     1.17528     1.18126  0.00648944
        1300     1.17505     1.18126  0.00648445
        1301     1.17483     1.18125  0.00647946
        1302      1.1746     1.18125  0.00647449
        1303     1.17437     1.18124  0.00646952
        1304     1.17415     1.18124  0.00646456
        1305     1.17393     1.18123  0.00645961
        1306     1.17371     1.18123  0.00645467
        1307      1.1735     1.18122  0.00644973
        1308     1.17329     1.18121   0.0064448
        1309     1.17309     1.18121  0.00643988
        1310      1.1729      1.1812  0.00643497
        1311     1.17272      1.1812  0.00643007
        1312     1.17254     1.18119  0.00642517
        1313     1.17238     1.18118  0.00642028
        1314     1.17222     1.18118   0.0064154
        1315     1.17207     1.18117  0.00641052
        1316     1.17193     1.18116  0.00640565
        1317      1.1718     1.18115  0.00640079
        1318     1.17168     1.18115  0.00639594
        1319     1.17157     1.18114   0.0063911
        1320     1.17147     1.18113  0.00638626
        1321     1.17137     1.18113  0.00638143
        1322     1.17129     1.18112  0.00637661
        1323     1.17121     1.18111  0.00637179
        1324     1.17114      1.1811  0.00636698
        1325     1.17108      1.1811  0.00636218
        1326     1.17102     1.18109  0.00635739
        1327     1.17097     1.18108   0.0063526
        1328     1.17092     1.18107  0.00634782
        1329     1.17087     1.18107  0.00634305
        1330     1.17083     1.18106  0.00633829
        1331     1.17079     1.18105  0.00633353
        1332     1.17075     1.18104  0.00632878
        1333      1.1707     1.18103  0.00632404
        1334     1.17066     1.18103   0.0063193
        1335     1.17061     1.18102  0.00631457
        1336     1.17056     1.18101  0.00630985
        1337      1.1705       1.181  0.00630513
        1338     1.17044     1.18099  0.00630043
        1339     1.17037     1.18099  0.00629573
        1340      1.1703     1.18098  0.00629103
        1341     1.17022     1.18097  0.00628635
        1342     1.17013     1.18096  0.00628167
        1343     1.17003     1.18095    0.006277
        1344     1.16992     1.18095  0.00627233
        1345     1.16981     1.18094  0.00626767
        1346     1.16969     1.18093  0.00626302
        1347     1.16955     1.18092  0.00625838
        1348     1.16941     1.18091  0.00625374
        1349     1.16926      1.1809  0.00624911
        1350      1.1691      1.1809  0.00624449
        1351     1.16893     1.18089  0.00623987
        1352     1.16875     1.18088  0.00623526
        1353     1.16856     1.18087  0.00623066
        1354     1.16837     1.18086  0.00622607
        1355     1.16817     1.18085  0.00622148
        1356     1.16797     1.18084   0.0062169
        1357     1.16776     1.18083  0.00621232
        1358     1.16754     1.18082  0.00620776
        1359     1.16732     1.18081   0.0062032
        1360      1.1671      1.1808  0.00619865
        1361     1.16688     1.18079   0.0061941
        1362     1.16666     1.18078  0.00618956
        1363     1.16644     1.18077  0.00618503
        1364     1.16622     1.18076   0.0061805
        1365       1.166     1.18075  0.00617598
        1366     1.16579     1.18074  0.00617147
        1367     1.16559     1.18073  0.00616697
        1368     1.16539     1.18072  0.00616247
        1369      1.1652      1.1807  0.00615798
        1370     1.16502     1.18069  0.00615349
        1371     1.16485     1.18068  0.00614902
        1372      1.1647     1.18067  0.00614455
        1373     1.16456     1.18066  0.00614008
        1374     1.16443     1.18065  0.00613563
        1375     1.16432     1.18063  0.00613117
        1376     1.16423     1.18062  0.00612673
        1377     1.16415     1.18061  0.00612229
        1378      1.1641      1.1806  0.00611786
        1379     1.16406     1.18059  0.00611344
        1380     1.16405     1.18057  0.00610902
        1381     1.16406     1.18056  0.00610461
        1382     1.16409     1.18055   0.0061002
        1383     1.16415     1.18054   0.0060958
        1384     1.16423     1.18053  0.00609141
        1385     1.16434     1.18051  0.00608702
        1386     1.16448      1.1805  0.00608264
        1387     1.16464     1.18049  0.00607827
        1388     1.16483     1.18048   0.0060739
        1389     1.16505     1.18047  0.00606953
        1390     1.16529     1.18046  0.00606518
        1391     1.16556     1.18045  0.00606083
        1392     1.16586     1.18044  0.00605648
        1393     1.16619     1.18043  0.00605214
        1394     1.16655     1.18042  0.00604781
        1395     1.16693     1.18041  0.00604348
        1396     1.16735      1.1804  0.00603916
        1397     1.16779     1.18039  0.00603484
        1398     1.16825     1.18038  0.00603053
        1399     1.16874     1.18037  0.00602623
        1400     1.16926     1.18036  0.00602193
        1401      1.1698     1.18036  0.00601764
        1402     1.17036     1.18035  0.00601335
        1403     1.17095     1.18034  0.00600907
        1404     1.17156     1.18034  0.00600479
        1405     1.17219     1.18033  0.00600052
        1406     1.17283     1.18033  0.00599625
        1407      1.1735     1.18032  0.00599199
        1408     1.17417     1.18032  0.00598774
        1409     1.17487     1.18031  0.00598349
        1410     1.17557     1.18031  0.00597925
        1411     1.17629     1.18031  0.00597501
        1412     1.17701      1.1803  0.00597078
        1413     1.17774      1.1803  0.00596655
        1414     1.17848      1.1803  0.00596233
        1415     1.17922      1.1803  0.00595812
        1416     1.17997      1.1803  0.00595391
        1417     1.18071      1.1803  0.00594971
        1418     1.18145      1.1803  0.00594552
        1419     1.18219      1.1803  0.00594133
        1420     1.18292      1.1803  0.00593714
        1421     1.18365     1.18031  0.00593296
        1422     1.18436     1.18031  0.00592879
        1423     1.18506     1.18031  0.00592463
        1424     1.18575     1.18032  0.00592047
        1425     1.18643     1.18032  0.00591631
        1426     1.18708     1.18033  0.00591217
        1427     1.18772     1.18033  0.00590803
        1428     1.18834     1.18034  0.00590389
        1429     1.18893     1.18034  0.00589976
        1430      1.1895     1.18035  0.00589564
        1431     1.19004     1.18036  0.00589153
        1432     1.19055     1.18036  0.00588742
        1433     1.19104     1.18037  0.00588331
        1434     1.19149     1.18038  0.00587921
        1435     1.19191     1.18039  0.00587512
        1436     1.19229     1.18039  0.00587104
        1437     1.19264      1.1804  0.00586696
        1438     1.19295     1.18041  0.00586288
        1439     1.19323     1.18042  0.00585882
        1440     1.19347     1.18043  0.00585476
        1441     1.19367     1.18044   0.0058507
        1442     1.19383     1.18045  0.00584665
        1443     1.19395     1.18046  0.00584261
        1444     1.19402     1.18047  0.00583857
        1445     1.19406     1.18048  0.00583453
        1446     1.19405     1.18049  0.00583051
        1447       1.194     1.18049  0.00582648
        1448     1.19391      1.1805  0.00582247
        1449     1.19378     1.18051  0.00581846
        1450     1.19361     1.18052  0.00581445
        1451     1.19339     1.18053  0.00581045
        1452     1.19314     1.18054  0.00580646
        1453     1.19284     1.18055  0.00580247
        1454      1.1925     1.18056  0.00579848
        1455     1.19212     1.18056   0.0057945
        1456      1.1917     1.18057  0.00579053
        1457     1.19125     1.18058  0.00578656
        1458     1.19076     1.18059  0.00578259
        1459     1.19023     1.18059  0.00577863
        1460     1.18966      1.1806  0.00577468
        1461     1.18907      1.1806  0.00577073
        1462     1.18843     1.18061  0.00576678
        1463     1.18777     1.18062  0.00576284
        1464     1.18708     1.18062  0.00575891
        1465     1.18636     1.18062  0.00575498
        1466     1.18561     1.18063  0.00575105
        1467     1.18484     1.18063  0.00574714
        1468     1.18404     1.18063  0.00574322
        1469     1.18322     1.18063  0.00573931
        1470     1.18238     1.18063  0.00573541
        1471     1.18153     1.18064  0.00573151
        1472     1.18065     1.18064  0.00572761
        1473     1.17976     1.18063  0.00572373
        1474     1.17886     1.18063  0.00571984
        1475     1.17795     1.18063  0.00571597
        1476     1.17703     1.18063  0.00571209
        1477      1.1761     1.18063  0.00570823
        1478     1.17517     1.18062  0.00570437
        1479     1.17423     1.18062  0.00570051
        1480      1.1733     1.18061  0.00569666
        1481     1.17236     1.18061  0.00569282
        1482     1.17143      1.1806  0.00568898
        1483      1.1705     1.18059  0.00568515
        1484     1.16959     1.18059  0.00568132
        1485     1.16868     1.18058   0.0056775
        1486     1.16778     1.18057  0.00567369
        1487      1.1669     1.18056  0.00566988
        1488     1.16603     1.18055  0.00566608
        1489     1.16519     1.18054  0.00566228
        1490     1.16436     1.18053  0.00565849
        1491     1.16355     1.18052  0.00565471
        1492     1.16277     1.18051  0.00565093
        1493     1.16201     1.18049  0.00564716
        1494     1.16127     1.18048  0.00564339
        1495     1.16057     1.18047  0.00563963
        1496     1.15989     1.18046  0.00563588
        1497     1.15925     1.18044  0.00563213
        1498     1.15863     1.18043  0.00562839
        1499     1.15806     1.18041  0.00562466
        1500     1.15751      1.1804  0.00562093
        1501       1.157     1.18038  0.00561721
        1502     1.15653     1.18036  0.00561349
        1503     1.15609     1.18035  0.00560978
        1504     1.15569     1.18033  0.00560607
        1505     1.15533     1.18032  0.00560237
        1506     1.15501      1.1803  0.00559868
        1507     1.15473     1.18028  0.00559499
        1508     1.15449     1.18026   0.0055913
        1509     1.15428     1.18025  0.00558762
        1510     1.15412     1.18023  0.00558395
        1511     1.15399     1.18021  0.00558028
        1512      1.1539      1.1802  0.00557662
        1513     1.15385     1.18018  0.00557296
        1514     1.15384     1.18016  0.00556931
        1515     1.15386     1.18014  0.00556566
        1516     1.15392     1.18013  0.00556201
        1517     1.15401     1.18011  0.00555837
        1518     1.15413     1.18009  0.00555474
        1519     1.15429     1.18007  0.00555111
        1520     1.15447     1.18006  0.00554748
        1521     1.15468     1.18004  0.00554386
        1522     1.15492     1.18002  0.00554024
        1523     1.15519     1.18001  0.00553663
        1524     1.15548     1.17999  0.00553302
        1525     1.15578     1.17998  0.00552941
        1526     1.15611     1.17996  0.00552581
        1527     1.15646     1.17995  0.00552221
        1528     1.15682     1.17993  0.00551862
        1529     1.15719     1.17992  0.00551503
        1530     1.15758      1.1799  0.00551144
        1531     1.15798     1.17989  0.00550786
        1532     1.15838     1.17987  0.00550429
        1533     1.15879     1.17986  0.00550071
        1534     1.15921     1.17985  0.00549714
        1535     1.15962     1.17983  0.00549358
        1536     1.16004     1.17982  0.00549002
        1537     1.16046     1.17981  0.00548646
        1538     1.16087     1.17979  0.00548291
        1539     1.16128     1.17978  0.00547936
        1540     1.16168     1.17977  0.00547581
        1541     1.16208     1.17976  0.00547227
        1542     1.16246     1.17975  0.00546873
        1543     1.16284     1.17974   0.0054652
        1544     1.16321     1.17973  0.00546167
        1545     1.16356     1.17972  0.00545814
        1546      1.1639     1.17971  0.00545462
        1547     1.16423      1.1797  0.00545111
        1548     1.16454     1.17969  0.00544759
        1549     1.16483     1.17968  0.00544409
        1550     1.16511     1.17967  0.00544058
        1551     1.16537     1.17966  0.00543708
        1552     1.16562     1.17965  0.00543359
        1553     1.16585     1.17964  0.00543009
        1554     1.16606     1.17963  0.00542661
        1555     1.16625     1.17962  0.00542312
        1556     1.16642     1.17961  0.00541965
        1557     1.16657     1.17961  0.00541617
        1558     1.16671      1.1796   0.0054127
        1559     1.16682     1.17959  0.00540924
        1560     1.16692     1.17958  0.00540577
        1561       1.167     1.17957  0.00540232
        1562     1.16706     1.17956  0.00539886
        1563      1.1671     1.17956  0.00539542
        1564     1.16713     1.17955  0.00539197
        1565     1.16714     1.17954  0.00538853
        1566     1.16713     1.17953   0.0053851
        1567      1.1671     1.17952  0.00538167
        1568     1.16706     1.17952  0.00537824
        1569       1.167     1.17951  0.00537482
        1570     1.16693      1.1795   0.0053714
        1571     1.16684     1.17949  0.00536799
        1572     1.16674     1.17948  0.00536458
        1573     1.16663     1.17948  0.00536118
        1574      1.1665     1.17947  0.00535778
        1575     1.16637     1.17946  0.00535438
        1576     1.16622     1.17945  0.00535099
        1577     1.16607     1.17944   0.0053476
        1578      1.1659     1.17943  0.00534422
        1579     1.16573     1.17943  0.00534084
        1580     1.16555     1.17942  0.00533747
        1581     1.16537     1.17941   0.0053341
        1582     1.16519      1.1794  0.00533074
        1583       1.165     1.17939  0.00532738
        1584     1.16481     1.17938  0.00532402
        1585     1.16461     1.17937  0.00532067
        1586     1.16442     1.17936  0.00531733
        1587     1.16423     1.17935  0.00531398
        1588     1.16405     1.17934  0.00531065
        1589     1.16387     1.17933  0.00530731
        1590     1.16369     1.17932  0.00530398
        1591     1.16352     1.17931  0.00530066
        1592     1.16336      1.1793  0.00529734
        1593     1.16322     1.17929  0.00529402
        1594     1.16308     1.17928  0.00529071
        1595     1.16295     1.17927  0.00528741
        1596     1.16284     1.17926   0.0052841
        1597     1.16275     1.17925   0.0052808
        1598     1.16267     1.17924  0.00527751
        1599      1.1626     1.17923  0.00527422
        1600     1.16256     1.17922  0.00527093
        1601     1.16253     1.17921  0.00526765
        1602     1.16253      1.1792  0.00526437
        1603     1.16254     1.17919   0.0052611
        1604     1.16258     1.17918  0.00525783
        1605     1.16264     1.17917  0.00525456
        1606     1.16272     1.17916   0.0052513
        1607     1.16283     1.17915  0.00524804
        1608     1.16295     1.17914  0.00524479
        1609      1.1631     1.17913  0.00524154
        1610     1.16328     1.17912  0.00523829
        1611     1.16348     1.17911  0.00523505
        1612      1.1637      1.1791  0.00523181
        1613     1.16395     1.17909  0.00522858
        1614     1.16422     1.17908  0.00522535
        1615     1.16452     1.17907  0.00522212
        1616     1.16483     1.17906  0.00521889
        1617     1.16517     1.17905  0.00521567
        1618     1.16553     1.17905  0.00521246
        1619     1.16591     1.17904  0.00520924
        1620     1.16631     1.17903  0.00520603
        1621     1.16673     1.17902  0.00520283
        1622     1.16717     1.17902  0.00519962
        1623     1.16762     1.17901  0.00519643
        1624     1.16809       1.179  0.00519323
        1625     1.16857       1.179  0.00519004
        1626     1.16907     1.17899  0.00518685
        1627     1.16958     1.17898  0.00518367
        1628     1.17009     1.17898  0.00518048
        1629     1.17062     1.17897  0.00517731
        1630     1.17115     1.17897  0.00517413
        1631     1.17169     1.17896  0.00517096
        1632     1.17224     1.17896   0.0051678
        1633     1.17278     1.17896  0.00516463
        1634     1.17333     1.17895  0.00516147
        1635     1.17388     1.17895  0.00515832
        1636     1.17442     1.17895  0.00515516
        1637     1.17497     1.17894  0.00515202
        1638     1.17551     1.17894  0.00514887
        1639     1.17604     1.17894  0.00514573
        1640     1.17657     1.17894  0.00514259
        1641      1.1771     1.17894  0.00513946
        1642     1.17761     1.17894  0.00513633
        1643     1.17811     1.17894   0.0051332
        1644     1.17861     1.17894  0.00513008
        1645     1.17909     1.17894  0.00512696
        1646     1.17956     1.17894  0.00512385
        1647     1.18001     1.17894  0.00512074
        1648     1.18046     1.17894  0.00511763
        1649     1.18089     1.17894  0.00511453
        1650     1.18131     1.17894  0.00511143
        1651     1.18171     1.17894  0.00510833
        1652     1.18209     1.17894  0.00510524
        1653     1.18246     1.17895  0.00510215
        1654     1.18282     1.17895  0.00509907
        1655     1.18315     1.17895  0.00509599
        1656     1.18348     1.17895  0.00509291
        1657     1.18379     1.17896  0.00508984
        1658     1.18408     1.17896  0.00508677
        1659     1.18435     1.17896   0.0050837
        1660     1.18462     1.17897  0.00508064
        1661     1.18486     1.17897  0.00507758
        1662     1.18509     1.17897  0.00507453
        1663     1.18531     1.17898  0.00507148
        1664     1.18551     1.17898  0.00506843
        1665      1.1857     1.17899  0.00506539
        1666     1.18588     1.17899  0.00506235
        1667     1.18605     1.17899  0.00505932
        1668      1.1862       1.179  0.00505629
        1669     1.18634       1.179  0.00505326
        1670     1.18648     1.17901  0.00505023
        1671      1.1866     1.17901  0.00504721
        1672     1.18672     1.17902   0.0050442
        1673     1.18683     1.17902  0.00504118
        1674     1.18693     1.17903  0.00503818
        1675     1.18703     1.17903  0.00503517
        1676     1.18712     1.17904  0.00503217
        1677      1.1872     1.17904  0.00502917
        1678     1.18728     1.17904  0.00502617
        1679     1.18736     1.17905  0.00502318
        1680     1.18744     1.17905   0.0050202
        1681     1.18751     1.17906  0.00501721
        1682     1.18759     1.17907  0.00501423
        1683     1.18766     1.17907  0.00501125
        1684     1.18774     1.17908  0.00500828
        1685     1.18782     1.17908  0.00500531
        1686      1.1879     1.17909  0.00500235
        1687     1.18798     1.17909  0.00499938
        1688     1.18807      1.1791  0.00499642
        1689     1.18816      1.1791  0.00499347
        1690     1.18826     1.17911  0.00499052
        1691     1.18837     1.17911  0.00498757
        1692     1.18848     1.17912  0.00498462
        1693      1.1886     1.17912  0.00498168
        1694     1.18872     1.17913  0.00497875
        1695     1.18886     1.17914  0.00497581
        1696     1.18901     1.17914  0.00497288
        1697     1.18916     1.17915  0.00496995
        1698     1.18933     1.17915  0.00496703
        1699     1.18951     1.17916  0.00496411
        1700      1.1897     1.17917   0.0049612
        1701      1.1899     1.17917  0.00495828
        1702     1.19012     1.17918  0.00495537
        1703     1.19035     1.17918  0.00495247
        1704     1.19059     1.17919  0.00494957
        1705     1.19085      1.1792  0.00494667
        1706     1.19111      1.1792  0.00494377
        1707      1.1914     1.17921  0.00494088
        1708     1.19169     1.17922    0.004938
        1709     1.19201     1.17923  0.00493511
        1710     1.19233     1.17923  0.00493223
        1711     1.19267     1.17924  0.00492935
        1712     1.19303     1.17925  0.00492648
        1713      1.1934     1.17926  0.00492361
        1714     1.19379     1.17927  0.00492075
        1715     1.19419     1.17928  0.00491789
        1716      1.1946     1.17928  0.00491503
        1717     1.19503     1.17929  0.00491217
        1718     1.19547      1.1793  0.00490932
        1719     1.19593     1.17931  0.00490648
        1720     1.19639     1.17932  0.00490364
        1721     1.19687     1.17933   0.0049008
        1722     1.19736     1.17934  0.00489796
        1723     1.19786     1.17935  0.00489513
        1724     1.19838     1.17937   0.0048923
        1725      1.1989     1.17938  0.00488948
        1726     1.19943     1.17939  0.00488666
        1727     1.19996      1.1794  0.00488385
        1728     1.20051     1.17941  0.00488104
        1729     1.20106     1.17943  0.00487823
        1730     1.20162     1.17944  0.00487543
        1731     1.20218     1.17945  0.00487263
        1732     1.20274     1.17946  0.00486983
        1733      1.2033     1.17948  0.00486704
        1734     1.20387     1.17949  0.00486426
        1735     1.20443     1.17951  0.00486147
        1736     1.20499     1.17952  0.00485869
        1737     1.20555     1.17954  0.00485592
        1738     1.20611     1.17955  0.00485315
        1739     1.20666     1.17957  0.00485039
        1740      1.2072     1.17958  0.00484762
        1741     1.20773      1.1796  0.00484487
        1742     1.20825     1.17962  0.00484211
        1743     1.20876     1.17963  0.00483936
        1744     1.20926     1.17965  0.00483662
        1745     1.20975     1.17967  0.00483388
        1746     1.21022     1.17968  0.00483114
        1747     1.21067      1.1797  0.00482841
        1748     1.21111     1.17972  0.00482568
        1749     1.21152     1.17974  0.00482295
        1750     1.21192     1.17976  0.00482023
        1751     1.21229     1.17978  0.00481752
        1752     1.21264     1.17979   0.0048148
        1753     1.21297     1.17981  0.00481209
        1754     1.21327     1.17983  0.00480939
        1755     1.21355     1.17985  0.00480669
        1756     1.21379     1.17987  0.00480399
        1757     1.21401     1.17989  0.00480129
        1758      1.2142     1.17991   0.0047986
        1759     1.21436     1.17993  0.00479591
        1760     1.21449     1.17995  0.00479323
        1761     1.21458     1.17997  0.00479055
        1762     1.21465     1.17999  0.00478787
        1763     1.21468     1.18001  0.00478519
        1764     1.21467     1.18003  0.00478252
        1765     1.21463     1.18005  0.00477985
        1766     1.21456     1.18007  0.00477718
        1767     1.21445     1.18009  0.00477452
        1768      1.2143     1.18011  0.00477186
        1769     1.21412     1.18012   0.0047692
        1770      1.2139     1.18014  0.00476654
        1771     1.21364     1.18016  0.00476389
        1772     1.21335     1.18018  0.00476124
        1773     1.21302      1.1802  0.00475859
        1774     1.21266     1.18022  0.00475594
        1775     1.21225     1.18024   0.0047533
        1776     1.21181     1.18025  0.00475065
        1777     1.21133     1.18027  0.00474801
        1778     1.21082     1.18029  0.00474537
        1779     1.21027     1.18031  0.00474274
        1780     1.20968     1.18032   0.0047401
        1781     1.20906     1.18034  0.00473747
        1782      1.2084     1.18035  0.00473483
        1783     1.20771     1.18037   0.0047322
        1784     1.20698     1.18038  0.00472957
        1785     1.20622      1.1804  0.00472695
        1786     1.20542     1.18041  0.00472432
        1787     1.20458     1.18043   0.0047217
        1788     1.20371     1.18044  0.00471907
        1789     1.20281     1.18045  0.00471645
        1790     1.20187     1.18046  0.00471383
        1791      1.2009     1.18047  0.00471121
        1792      1.1999     1.18049   0.0047086
        1793     1.19887      1.1805  0.00470598
        1794      1.1978     1.18051  0.00470337
        1795      1.1967     1.18051  0.00470076
        1796     1.19556     1.18052  0.00469815
        1797      1.1944     1.18053  0.00469554
        1798      1.1932     1.18054  0.00469293
        1799     1.19197     1.18054  0.00469033
        1800     1.19071     1.18055  0.00468773
        1801     1.18941     1.18055  0.00468513
        1802     1.18809     1.18056  0.00468253
        1803     1.18673     1.18056  0.00467993
        1804     1.18534     1.18056  0.00467734
        1805     1.18391     1.18057  0.00467475
        1806     1.18245     1.18057  0.00467216
        1807     1.18096     1.18057  0.00466957
        1808     1.17943     1.18057  0.00466699
        1809     1.17787     1.18057  0.00466441
        1810     1.17628     1.18056  0.00466184
        1811     1.17465     1.18056  0.00465926
        1812     1.17298     1.18056  0.00465669
        1813     1.17128     1.18055  0.00465413
        1814     1.16954     1.18054  0.00465157
        1815     1.16777     1.18054  0.00464901
        1816     1.16595     1.18053  0.00464646
        1817      1.1641     1.18052  0.00464391
        1818     1.16221     1.18051  0.00464136
        1819     1.16027      1.1805  0.00463883
        1820      1.1583     1.18049  0.00463629
        1821     1.15628     1.18047  0.00463377
        1822     1.15422     1.18046  0.00463124
        1823     1.15211     1.18044  0.00462873
        1824     1.14996     1.18043  0.00462622
        1825     1.14777     1.18041  0.00462372
        1826     1.14553     1.18039  0.00462123
        1827     1.14325     1.18037  0.00461875
        1828     1.14091     1.18035  0.00461627
        1829     1.13853     1.18033   0.0046138
        1830      1.1361      1.1803  0.00461134
        1831     1.13362     1.18028   0.0046089
        1832      1.1311     1.18025  0.00460646
        1833     1.12852     1.18022  0.00460403
        1834     1.12589     1.18019  0.00460162
        1835     1.12322     1.18016  0.00459921
        1836     1.12049     1.18013  0.00459682
        1837     1.11772     1.18009  0.00459445
        1838     1.11489     1.18006  0.00459208
        1839     1.11202     1.18002  0.00458974
        1840      1.1091     1.17998   0.0045874
        1841     1.10613     1.17994  0.00458509
        1842     1.10311      1.1799  0.00458279
        1843     1.10005     1.17986  0.00458051
        1844     1.09694     1.17981  0.00457824
        1845     1.09378     1.17977    0.004576
        1846     1.09058     1.17972  0.00457377
        1847     1.08734     1.17967  0.00457157
        1848     1.08406     1.17962  0.00456939
        1849     1.08074     1.17956  0.00456723
        1850     1.07738     1.17951   0.0045651
        1851     1.07399     1.17945  0.00456299
        1852     1.07057     1.17939   0.0045609
        1853     1.06711     1.17933  0.00455884
        1854     1.06363     1.17927  0.00455681
        1855     1.06012      1.1792  0.00455481
        1856     1.05659     1.17914  0.00455283
        1857     1.05305     1.17907  0.00455089
        1858     1.04948       1.179  0.00454897
        1859     1.04591     1.17893  0.00454709
        1860     1.04233     1.17886  0.00454524
        1861     1.03874     1.17878  0.00454342
        1862     1.03516      1.1787  0.00454163
        1863     1.03158     1.17862  0.00453988
        1864     1.02801     1.17854  0.00453816
        1865     1.02446     1.17846  0.00453648
        1866     1.02093     1.17838  0.00453484
        1867     1.01742     1.17829  0.00453323
        1868     1.01394      1.1782  0.00453165
        1869      1.0105     1.17811  0.00453012
        1870      1.0071     1.17802  0.00452862
        1871     1.00374     1.17793  0.00452716
        1872     1.00043     1.17783  0.00452573
        1873    0.997181     1.17774  0.00452434
        1874    0.993992     1.17764  0.00452299
        1875    0.990869     1.17754  0.00452167
        1876    0.987818     1.17744  0.00452039
        1877    0.984843     1.17734  0.00451915
        1878    0.981949     1.17723  0.00451794
        1879    0.979141     1.17713  0.00451677
        1880    0.976423     1.17702  0.00451563
        1881    0.973799     1.17691  0.00451452
        1882    0.971274      1.1768  0.00451344
        1883    0.968849     1.17669   0.0045124
        1884     0.96653     1.17658  0.00451138
        1885    0.964318     1.17647  0.00451039
        1886    0.962217     1.17635  0.00450943
        1887    0.960227     1.17624  0.00450849
        1888    0.958351     1.17612  0.00450758
        1889    0.956591     1.17601  0.00450669
        1890    0.954947     1.17589  0.00450583
        1891     0.95342     1.17577  0.00450498
        1892    0.952011     1.17565  0.00450415
        1893     0.95072     1.17554  0.00450334
        1894    0.949545     1.17542  0.00450254
        1895    0.948488      1.1753  0.00450176
        1896    0.947546     1.17518  0.00450099
        1897     0.94672     1.17506  0.00450022
        1898    0.946009     1.17494  0.00449947
        1899     0.94541     1.17481  0.00449872
        1900    0.944922     1.17469  0.00449798
        1901    0.944545     1.17457  0.00449725
        1902    0.944275     1.17445  0.00449651
        1903    0.944113     1.17433  0.00449578
        1904    0.944056     1.17421  0.00449504
        1905    0.944104     1.17409  0.00449431
        1906    0.944254     1.17397  0.00449357
        1907    0.944505     1.17385  0.00449282
        1908    0.944857     1.17373  0.00449207
        1909    0.945307     1.17361  0.00449131
        1910    0.945855     1.17349  0.00449054
        1911    0.946501     1.17337  0.00448976
        1912    0.947242     1.17325  0.00448897
        1913     0.94808     1.17313  0.00448817
        1914    0.949012     1.17302  0.00448735
        1915    0.950039      1.1729  0.00448652
        1916     0.95116     1.17278  0.00448567
        1917    0.952375     1.17267   0.0044848
        1918    0.953683     1.17256  0.00448391
        1919    0.955085     1.17244  0.00448301
        1920    0.956581     1.17233  0.00448208
        1921     0.95817     1.17222  0.00448114
        1922    0.959852     1.17211  0.00448017
        1923    0.961628       1.172  0.00447917
        1924    0.963497     1.17189  0.00447816
        1925    0.965458     1.17178  0.00447711
        1926    0.967512     1.17168  0.00447605
        1927    0.969658     1.17157  0.00447495
        1928    0.971895     1.17147  0.00447383
        1929    0.974223     1.17137  0.00447268
        1930    0.976641     1.17126   0.0044715
        1931    0.979148     1.17117  0.00447029
        1932    0.981744     1.17107  0.00446905
        1933    0.984427     1.17097  0.00446778
        1934    0.987195     1.17088  0.00446648
        1935    0.990048     1.17078  0.00446515
        1936    0.992983     1.17069  0.00446379
        1937       0.996      1.1706  0.00446239
        1938    0.999095     1.17051  0.00446097
        1939     1.00227     1.17043  0.00445951
        1940     1.00551     1.17034  0.00445802
        1941     1.00883     1.17026   0.0044565
        1942     1.01221     1.17018  0.00445495
        1943     1.01566      1.1701  0.00445337
        1944     1.01917     1.17002  0.00445176
        1945     1.02274     1.16994  0.00445011
        1946     1.02636     1.16987  0.00444844
        1947     1.03003      1.1698  0.00444673
        1948     1.03375     1.16973    0.004445
        1949     1.03752     1.16966  0.00444323
        1950     1.04132     1.16959  0.00444144
        1951     1.04515     1.16953  0.00443962
        1952     1.04901     1.16947  0.00443778
        1953      1.0529     1.16941  0.00443591
        1954      1.0568     1.16935  0.00443401
        1955     1.06072      1.1693  0.00443209
        1956     1.06465     1.16924  0.00443015
        1957     1.06859     1.16919  0.00442818
        1958     1.07252     1.16914   0.0044262
        1959     1.07645     1.16909  0.00442419
        1960     1.08037     1.16905  0.00442216
        1961     1.08427     1.16901  0.00442012
        1962     1.08816     1.16896  0.00441806
        1963     1.09202     1.16892  0.00441598
        1964     1.09585     1.16889  0.00441389
        1965     1.09964     1.16885  0.00441179
        1966      1.1034     1.16882  0.00440967
        1967     1.10711     1.16879  0.00440754
        1968     1.11078     1.16876   0.0044054
        1969     1.11439     1.16873  0.00440325
        1970     1.11795      1.1687  0.00440109
        1971     1.12144     1.16868  0.00439892
        1972     1.12487     1.16866  0.00439674
        1973     1.12824     1.16864  0.00439456
        1974     1.13153     1.16862  0.00439238
        1975     1.13475      1.1686  0.00439019
        1976     1.13788     1.16859  0.00438799
        1977     1.14094     1.16857  0.00438579
        1978     1.14392     1.16856   0.0043836
        1979     1.14681     1.16855  0.00438139
        1980     1.14961     1.16854  0.00437919
        1981     1.15232     1.16853  0.00437699
        1982     1.15493     1.16852  0.00437479
        1983     1.15746     1.16852  0.00437258
        1984     1.15988     1.16851  0.00437038
        1985     1.16221     1.16851  0.00436818
        1986     1.16444     1.16851  0.00436598
        1987     1.16657     1.16851  0.00436378
        1988      1.1686     1.16851  0.00436159
        1989     1.17053     1.16851   0.0043594
        1990     1.17235     1.16851  0.00435721
        1991     1.17407     1.16851  0.00435502
        1992      1.1757     1.16852  0.00435283
        1993     1.17721     1.16852  0.00435065
        1994     1.17863     1.16853  0.00434847
        1995     1.17995     1.16853   0.0043463
        1996     1.18116     1.16854  0.00434412
        1997     1.18227     1.16855  0.00434195
        1998     1.18329     1.16855  0.00433979
        1999      1.1842     1.16856  0.00433762
        2000     1.18502     1.16857  0.00433546
