#     BLOCK:   ACTUAL_T:     T_AVE:       ERROR:
           1         1.9         1.9           0
           2     1.89998     1.89999 6.05272e-06
           3     1.89993     1.89997  1.6786e-05
           4     1.89985     1.89994 2.99142e-05
           5     1.89973      1.8999 4.50713e-05
           6     1.89957     1.89984 6.20192e-05
           7     1.89939     1.89978 8.05911e-05
           8     1.89916      1.8997 0.000100663
           9     1.89891     1.89961 0.000122138
          10     1.89862     1.89951 0.000144941
          11     1.89829      1.8994 0.000169009
          12     1.89793     1.89928 0.000194293
          13     1.89754     1.89915 0.000220749
          14     1.89711       1.899 0.000248344
          15     1.89664     1.89884 0.000277049
          16     1.89614     1.89867  0.00030684
          17     1.89561     1.89849 0.000337698
          18     1.89503      1.8983 0.000369606
          19     1.89443      1.8981 0.000402553
          20     1.89378     1.89788 0.000436529
          21     1.89309     1.89765 0.000471526
          22     1.89237     1.89741  0.00050754
          23     1.89161     1.89716 0.000544566
          24     1.89081      1.8969 0.000582605
          25     1.88997     1.89662 0.000621657
          26     1.88909     1.89633 0.000661718
          27     1.88817     1.89603 0.000702787
          28     1.88721     1.89571 0.000744866
          29     1.88621     1.89539  0.00078796
          30     1.88517     1.89505 0.000832081
          31     1.88408     1.89469 0.000877241
          32     1.88294     1.89432 0.000923443
          33     1.88177     1.89394 0.000970687
          34     1.88055     1.89355  0.00101898
          35     1.87928     1.89314  0.00106835
          36     1.87796     1.89272   0.0011188
          37      1.8766     1.89228  0.00117033
          38     1.87519     1.89184  0.00122297
          39     1.87372     1.89137  0.00127674
          40     1.87221     1.89089  0.00133165
          41     1.87064      1.8904  0.00138772
          42     1.86902     1.88989  0.00144498
          43     1.86735     1.88936  0.00150343
          44     1.86562     1.88883   0.0015631
          45     1.86384     1.88827  0.00162402
          46     1.86199      1.8877  0.00168619
          47     1.86009     1.88711  0.00174965
          48     1.85813     1.88651   0.0018144
          49      1.8561     1.88589  0.00188048
          50     1.85402     1.88525  0.00194791
          51     1.85187     1.88459   0.0020167
          52     1.84965     1.88392  0.00208687
          53     1.84737     1.88323  0.00215847
          54     1.84502     1.88253  0.00223151
          55      1.8426      1.8818  0.00230601
          56      1.8401     1.88105  0.00238201
          57     1.83754     1.88029  0.00245952
          58      1.8349     1.87951  0.00253858
          59     1.83219     1.87871   0.0026192
          60     1.82939     1.87788  0.00270142
          61     1.82653     1.87704  0.00278525
          62     1.82358     1.87618  0.00287072
          63     1.82055      1.8753  0.00295786
          64     1.81743     1.87439   0.0030467
          65     1.81423     1.87347  0.00313726
          66     1.81095     1.87252  0.00322957
          67     1.80757     1.87155  0.00332366
          68     1.80411     1.87056  0.00341956
          69     1.80055     1.86954  0.00351729
          70      1.7969     1.86851   0.0036169
          71     1.79316     1.86745  0.00371839
          72     1.78932     1.86636  0.00382181
          73     1.78537     1.86525  0.00392718
          74     1.78133     1.86412  0.00403452
          75     1.77719     1.86296  0.00414386
          76     1.77295     1.86177  0.00425522
          77      1.7686     1.86056  0.00436863
          78     1.76414     1.85933  0.00448411
          79     1.75958     1.85806  0.00460168
          80     1.75491     1.85678  0.00472137
          81     1.75013     1.85546  0.00484318
          82     1.74524     1.85411  0.00496715
          83     1.74023     1.85274  0.00509329
          84     1.73511     1.85134  0.00522162
          85     1.72988     1.84991  0.00535215
          86     1.72453     1.84846   0.0054849
          87     1.71906     1.84697  0.00561988
          88     1.71348     1.84545  0.00575711
          89     1.70778      1.8439  0.00589659
          90     1.70195     1.84233  0.00603832
          91     1.69601     1.84072  0.00618233
          92     1.68995     1.83908   0.0063286
          93     1.68377     1.83741  0.00647715
          94     1.67747     1.83571  0.00662796
          95     1.67105     1.83398  0.00678105
          96      1.6645     1.83221  0.00693639
          97     1.65784     1.83041  0.00709399
          98     1.65106     1.82858  0.00725383
          99     1.64416     1.82672  0.00741589
         100     1.63715     1.82482  0.00758016
         101     1.63002      1.8229  0.00774662
         102     1.62277     1.82093  0.00791524
         103     1.61541     1.81894  0.00808599
         104     1.60794     1.81691  0.00825884
         105     1.60036     1.81485  0.00843376
         106     1.59267     1.81275  0.00861071
         107     1.58488     1.81062  0.00878966
         108     1.57698     1.80846  0.00897055
         109     1.56898     1.80626  0.00915333
         110     1.56089     1.80403  0.00933797
         111      1.5527     1.80177   0.0095244
         112     1.54442     1.79947  0.00971256
         113     1.53606     1.79714   0.0099024
         114     1.52761     1.79477   0.0100938
         115     1.51908     1.79238   0.0102868
         116     1.51047     1.78994   0.0104813
         117      1.5018     1.78748   0.0106771
         118     1.49305     1.78499   0.0108743
         119     1.48425     1.78246   0.0110727
         120     1.47538      1.7799   0.0112722
         121     1.46646     1.77731   0.0114729
         122      1.4575     1.77469   0.0116745
         123     1.44849     1.77204    0.011877
         124     1.43944     1.76935   0.0120803
         125     1.43035     1.76664   0.0122843
         126     1.42124      1.7639   0.0124889
         127      1.4121     1.76113    0.012694
         128     1.40295     1.75833   0.0128996
         129     1.39378     1.75551   0.0131055
         130      1.3846     1.75265   0.0133116
         131     1.37542     1.74977   0.0135179
         132     1.36625     1.74687   0.0137242
         133     1.35708     1.74394   0.0139304
         134     1.34792     1.74098   0.0141365
         135     1.33878       1.738   0.0143423
         136     1.32966       1.735   0.0145477
         137     1.32057     1.73198   0.0147527
         138      1.3115     1.72893   0.0149571
         139     1.30248     1.72586   0.0151609
         140      1.2935     1.72277   0.0153639
         141     1.28456     1.71966   0.0155661
         142     1.27567     1.71654   0.0157674
         143     1.26684     1.71339   0.0159677
         144     1.25806     1.71023   0.0161668
         145     1.24935     1.70705   0.0163648
         146     1.24071     1.70386   0.0165615
         147     1.23214     1.70065   0.0167568
         148     1.22365     1.69743   0.0169507
         149     1.21523     1.69419   0.0171431
         150      1.2069     1.69094   0.0173339
         151     1.19866     1.68768    0.017523
         152     1.19051     1.68441   0.0177104
         153     1.18245     1.68113   0.0178959
         154      1.1745     1.67784   0.0180796
         155     1.16665     1.67454   0.0182613
         156      1.1589     1.67124   0.0184409
         157     1.15127     1.66792   0.0186185
         158     1.14375     1.66461   0.0187939
         159     1.13635     1.66128   0.0189671
         160     1.12907     1.65796    0.019138
         161     1.12191     1.65463   0.0193066
         162     1.11489      1.6513   0.0194728
         163       1.108     1.64796   0.0196365
         164     1.10124     1.64463   0.0197977
         165     1.09462      1.6413   0.0199564
         166     1.08815     1.63796   0.0201124
         167     1.08182     1.63463   0.0202658
         168     1.07564     1.63131   0.0204165
         169     1.06961     1.62798   0.0205645
         170     1.06373     1.62466   0.0207096
         171     1.05802     1.62135    0.020852
         172     1.05246     1.61804   0.0209914
         173     1.04707     1.61474   0.0211279
         174     1.04185     1.61145   0.0212615
         175     1.03679     1.60817   0.0213921
         176     1.03191     1.60489   0.0215196
         177      1.0272     1.60163   0.0216442
         178     1.02266     1.59838   0.0217656
         179     1.01831     1.59514   0.0218839
         180     1.01413     1.59191   0.0219991
         181     1.01013     1.58869   0.0221111
         182     1.00632     1.58549   0.0222199
         183     1.00269     1.58231   0.0223256
         184     0.99924     1.57914    0.022428
         185    0.995978     1.57599   0.0225272
         186    0.992902     1.57285   0.0226232
         187    0.990012     1.56974   0.0227159
         188    0.987307     1.56664   0.0228053
         189    0.984786     1.56356   0.0228915
         190    0.982449      1.5605   0.0229744
         191    0.980295     1.55746   0.0230541
         192    0.978322     1.55445   0.0231305
         193    0.976527     1.55145   0.0232037
         194    0.974909     1.54848   0.0232736
         195    0.973464     1.54553   0.0233403
         196    0.972192     1.54261   0.0234038
         197    0.971087     1.53971   0.0234642
         198    0.970147     1.53683   0.0235213
         199    0.969367     1.53398   0.0235753
         200    0.968744     1.53115   0.0236262
         201    0.968273     1.52835   0.0236741
         202     0.96795     1.52558   0.0237189
         203    0.967768     1.52283   0.0237607
         204    0.967723     1.52011   0.0237995
         205     0.96781     1.51741   0.0238354
         206    0.968022     1.51475   0.0238684
         207    0.968355     1.51211   0.0238986
         208    0.968801     1.50949   0.0239261
         209    0.969355     1.50691   0.0239508
         210    0.970012     1.50435   0.0239728
         211    0.970764     1.50182   0.0239922
         212    0.971605     1.49932    0.024009
         213     0.97253     1.49685   0.0240233
         214    0.973532     1.49441   0.0240352
         215    0.974604     1.49199   0.0240447
         216    0.975741      1.4896   0.0240519
         217    0.976936     1.48724   0.0240568
         218    0.978182      1.4849   0.0240595
         219    0.979475     1.48259   0.0240601
         220    0.980809     1.48031   0.0240586
         221    0.982177     1.47806   0.0240551
         222    0.983574     1.47583   0.0240496
         223    0.984995     1.47363   0.0240423
         224    0.986435     1.47145   0.0240331
         225    0.987889      1.4693   0.0240222
         226    0.989352     1.46718   0.0240096
         227    0.990821     1.46508   0.0239954
         228     0.99229     1.46301   0.0239796
         229    0.993756     1.46096   0.0239623
         230    0.995217     1.45893   0.0239435
         231    0.996667     1.45693   0.0239233
         232    0.998104     1.45496   0.0239018
         233    0.999525       1.453    0.023879
         234     1.00093     1.45107    0.023855
         235     1.00231     1.44916   0.0238298
         236     1.00367     1.44727   0.0238035
         237       1.005     1.44541   0.0237761
         238     1.00631     1.44356   0.0237476
         239     1.00759     1.44174   0.0237182
         240     1.00883     1.43993   0.0236879
         241     1.01005     1.43815   0.0236567
         242     1.01124     1.43639   0.0236246
         243      1.0124     1.43464   0.0235917
         244     1.01352     1.43291   0.0235581
         245     1.01461     1.43121   0.0235237
         246     1.01567     1.42952   0.0234886
         247      1.0167     1.42785   0.0234529
         248     1.01769     1.42619   0.0234166
         249     1.01865     1.42456   0.0233797
         250     1.01958     1.42294   0.0233422
         251     1.02048     1.42133   0.0233042
         252     1.02134     1.41975   0.0232658
         253     1.02218     1.41817   0.0232268
         254     1.02299     1.41662   0.0231874
         255     1.02377     1.41508   0.0231476
         256     1.02452     1.41355   0.0231074
         257     1.02524     1.41204   0.0230668
         258     1.02595     1.41054   0.0230259
         259     1.02662     1.40906   0.0229847
         260     1.02728     1.40759   0.0229431
         261     1.02791     1.40614   0.0229013
         262     1.02852      1.4047   0.0228592
         263     1.02911     1.40327   0.0228169
         264     1.02969     1.40185   0.0227743
         265     1.03024     1.40045   0.0227315
         266     1.03078     1.39906   0.0226884
         267     1.03131     1.39769   0.0226452
         268     1.03182     1.39632   0.0226019
         269     1.03232     1.39497   0.0225583
         270      1.0328     1.39363   0.0225146
         271     1.03328      1.3923   0.0224707
         272     1.03375     1.39098   0.0224268
         273      1.0342     1.38967   0.0223827
         274     1.03465     1.38837   0.0223384
         275     1.03509     1.38709   0.0222941
         276     1.03552     1.38582   0.0222497
         277     1.03595     1.38455   0.0222052
         278     1.03637      1.3833   0.0221606
         279     1.03679     1.38206    0.022116
         280      1.0372     1.38083   0.0220713
         281      1.0376     1.37961   0.0220265
         282       1.038     1.37839   0.0219817
         283      1.0384     1.37719   0.0219368
         284     1.03879       1.376   0.0218919
         285     1.03917     1.37482   0.0218469
         286     1.03955     1.37365    0.021802
         287     1.03993     1.37248    0.021757
         288      1.0403     1.37133    0.021712
         289     1.04067     1.37019    0.021667
         290     1.04103     1.36905    0.021622
         291     1.04139     1.36793    0.021577
         292     1.04174     1.36681    0.021532
         293     1.04209      1.3657    0.021487
         294     1.04243      1.3646   0.0214421
         295     1.04276     1.36351   0.0213971
         296     1.04309     1.36243   0.0213522
         297     1.04341     1.36135   0.0213073
         298     1.04372     1.36029   0.0212624
         299     1.04403     1.35923   0.0212176
         300     1.04433     1.35818   0.0211728
         301     1.04463     1.35714   0.0211281
         302     1.04491      1.3561   0.0210834
         303     1.04519     1.35508   0.0210388
         304     1.04546     1.35406   0.0209942
         305     1.04572     1.35305   0.0209497
         306     1.04598     1.35205   0.0209053
         307     1.04622     1.35105   0.0208609
         308     1.04646     1.35006   0.0208166
         309     1.04669     1.34908   0.0207724
         310     1.04692      1.3481   0.0207282
         311     1.04714     1.34714   0.0206841
         312     1.04735     1.34618   0.0206402
         313     1.04755     1.34522   0.0205963
         314     1.04775     1.34427   0.0205524
         315     1.04795     1.34333   0.0205087
         316     1.04814      1.3424   0.0204651
         317     1.04833     1.34147   0.0204215
         318     1.04852     1.34055   0.0203781
         319     1.04871     1.33964   0.0203347
         320     1.04889     1.33873   0.0202915
         321     1.04908     1.33782   0.0202483
         322     1.04927     1.33693   0.0202052
         323     1.04946     1.33604   0.0201623
         324     1.04965     1.33515   0.0201194
         325     1.04985     1.33428   0.0200766
         326     1.05006      1.3334    0.020034
         327     1.05027     1.33254   0.0199914
         328     1.05049     1.33168    0.019949
         329     1.05071     1.33083   0.0199066
         330     1.05095     1.32998   0.0198643
         331     1.05119     1.32913   0.0198222
         332     1.05145      1.3283   0.0197801
         333     1.05171     1.32747   0.0197381
         334     1.05199     1.32664   0.0196963
         335     1.05228     1.32582   0.0196545
         336     1.05258     1.32501   0.0196128
         337     1.05289      1.3242   0.0195712
         338     1.05321      1.3234   0.0195297
         339     1.05354     1.32261   0.0194883
         340     1.05388     1.32182    0.019447
         341     1.05424     1.32103   0.0194058
         342      1.0546     1.32025   0.0193647
         343     1.05497     1.31948   0.0193237
         344     1.05535     1.31871   0.0192828
         345     1.05573     1.31795    0.019242
         346     1.05612     1.31719   0.0192012
         347     1.05652     1.31644   0.0191606
         348     1.05691     1.31569     0.01912
         349     1.05731     1.31495   0.0190796
         350     1.05771     1.31422   0.0190392
         351      1.0581     1.31349   0.0189989
         352     1.05849     1.31276   0.0189588
         353     1.05887     1.31205   0.0189187
         354     1.05925     1.31133   0.0188787
         355     1.05961     1.31062   0.0188389
         356     1.05996     1.30992   0.0187991
         357      1.0603     1.30922   0.0187594
         358     1.06062     1.30852   0.0187199
         359     1.06093     1.30783   0.0186804
         360     1.06122     1.30715   0.0186411
         361     1.06148     1.30647   0.0186019
         362     1.06172     1.30579   0.0185628
         363     1.06194     1.30512   0.0185238
         364     1.06213     1.30445   0.0184849
         365      1.0623     1.30379   0.0184462
         366     1.06243     1.30313   0.0184076
         367     1.06254     1.30248   0.0183691
         368     1.06262     1.30182   0.0183307
         369     1.06266     1.30118   0.0182925
         370     1.06267     1.30053   0.0182544
         371     1.06265     1.29989   0.0182165
         372     1.06259     1.29925   0.0181787
         373     1.06251     1.29862    0.018141
         374     1.06238     1.29799   0.0181035
         375     1.06223     1.29736   0.0180661
         376     1.06204     1.29673   0.0180289
         377     1.06181     1.29611   0.0179919
         378     1.06156     1.29549    0.017955
         379     1.06127     1.29487   0.0179182
         380     1.06094     1.29425   0.0178816
         381     1.06059     1.29364   0.0178452
         382     1.06021     1.29303    0.017809
         383      1.0598     1.29242   0.0177729
         384     1.05936     1.29181    0.017737
         385     1.05889     1.29121   0.0177012
         386      1.0584     1.29061   0.0176656
         387     1.05789        1.29   0.0176302
         388     1.05735      1.2894    0.017595
         389     1.05679     1.28881   0.0175599
         390     1.05621     1.28821    0.017525
         391     1.05562     1.28762   0.0174903
         392     1.05501     1.28702   0.0174557
         393     1.05438     1.28643   0.0174213
         394     1.05374     1.28584   0.0173871
         395     1.05309     1.28525   0.0173531
         396     1.05243     1.28466   0.0173192
         397     1.05177     1.28408   0.0172855
         398      1.0511     1.28349    0.017252
         399     1.05043     1.28291   0.0172186
         400     1.04975     1.28232   0.0171855
         401     1.04907     1.28174   0.0171524
         402      1.0484     1.28116   0.0171196
         403     1.04773     1.28058   0.0170869
         404     1.04706        1.28   0.0170544
         405      1.0464     1.27943    0.017022
         406     1.04574     1.27885   0.0169898
         407      1.0451     1.27828   0.0169578
         408     1.04447      1.2777   0.0169259
         409     1.04384     1.27713   0.0168942
         410     1.04323     1.27656   0.0168626
         411     1.04264     1.27599   0.0168312
         412     1.04206     1.27542   0.0167999
         413      1.0415     1.27486   0.0167688
         414     1.04096     1.27429   0.0167378
         415     1.04043     1.27373   0.0167069
         416     1.03993     1.27317   0.0166762
         417     1.03944     1.27261   0.0166456
         418     1.03898     1.27205   0.0166152
         419     1.03855     1.27149   0.0165849
         420     1.03814     1.27094   0.0165547
         421     1.03775     1.27038   0.0165246
         422     1.03739     1.26983   0.0164947
         423     1.03705     1.26928   0.0164649
         424     1.03674     1.26873   0.0164352
         425     1.03647     1.26818   0.0164056
         426     1.03622     1.26764   0.0163761
         427       1.036      1.2671   0.0163468
         428     1.03581     1.26656   0.0163175
         429     1.03566     1.26602   0.0162883
         430     1.03553     1.26548   0.0162593
         431     1.03545     1.26495   0.0162303
         432     1.03539     1.26442   0.0162014
         433     1.03537     1.26389   0.0161726
         434     1.03539     1.26336    0.016144
         435     1.03545     1.26284   0.0161153
         436     1.03554     1.26232   0.0160868
         437     1.03567      1.2618   0.0160584
         438     1.03584     1.26128     0.01603
         439     1.03605     1.26077   0.0160017
         440     1.03631     1.26026   0.0159734
         441     1.03661     1.25975   0.0159453
         442     1.03695     1.25925   0.0159171
         443     1.03733     1.25875   0.0158891
         444     1.03776     1.25825   0.0158611
         445     1.03824     1.25775   0.0158332
         446     1.03877     1.25726   0.0158053
         447     1.03934     1.25678   0.0157774
         448     1.03996     1.25629   0.0157496
         449     1.04063     1.25581   0.0157219
         450     1.04135     1.25534   0.0156942
         451     1.04212     1.25486   0.0156665
         452     1.04293     1.25439   0.0156388
         453      1.0438     1.25393   0.0156112
         454     1.04472     1.25347   0.0155836
         455     1.04568     1.25301   0.0155561
         456      1.0467     1.25256   0.0155285
         457     1.04776     1.25211    0.015501
         458     1.04888     1.25167   0.0154735
         459     1.05004     1.25123   0.0154461
         460     1.05125     1.25079   0.0154186
         461      1.0525     1.25036   0.0153912
         462      1.0538     1.24994   0.0153637
         463     1.05514     1.24952   0.0153363
         464     1.05652      1.2491   0.0153089
         465     1.05794     1.24869   0.0152815
         466      1.0594     1.24828   0.0152541
         467     1.06089     1.24788   0.0152267
         468     1.06242     1.24749   0.0151993
         469     1.06398     1.24709   0.0151719
         470     1.06557     1.24671   0.0151446
         471     1.06718     1.24633   0.0151172
         472     1.06882     1.24595   0.0150899
         473     1.07048     1.24558   0.0150625
         474     1.07215     1.24521   0.0150352
         475     1.07384     1.24485   0.0150079
         476     1.07555      1.2445   0.0149805
         477     1.07726     1.24415   0.0149532
         478     1.07898      1.2438    0.014926
         479      1.0807     1.24346   0.0148987
         480     1.08242     1.24313   0.0148714
         481     1.08413      1.2428   0.0148442
         482     1.08584     1.24247   0.0148169
         483     1.08755     1.24215   0.0147897
         484     1.08924     1.24183   0.0147626
         485     1.09091     1.24152   0.0147354
         486     1.09257     1.24122   0.0147083
         487     1.09421     1.24091   0.0146812
         488     1.09583     1.24062   0.0146541
         489     1.09743     1.24032    0.014627
         490       1.099     1.24003      0.0146
         491     1.10053     1.23975   0.0145731
         492     1.10204     1.23947   0.0145461
         493     1.10352     1.23919   0.0145192
         494     1.10496     1.23892   0.0144924
         495     1.10637     1.23866   0.0144656
         496     1.10774     1.23839   0.0144388
         497     1.10908     1.23813   0.0144121
         498     1.11037     1.23787   0.0143855
         499     1.11162     1.23762   0.0143589
         500     1.11283     1.23737   0.0143323
         501     1.11401     1.23713   0.0143058
         502     1.11513     1.23688   0.0142794
         503     1.11622     1.23664    0.014253
         504     1.11726     1.23641   0.0142267
         505     1.11826     1.23617   0.0142005
         506     1.11922     1.23594   0.0141743
         507     1.12013     1.23571   0.0141482
         508       1.121     1.23549   0.0141221
         509     1.12182     1.23526   0.0140961
         510     1.12261     1.23504   0.0140702
         511     1.12335     1.23482   0.0140444
         512     1.12405     1.23461   0.0140186
         513     1.12472     1.23439   0.0139929
         514     1.12534     1.23418   0.0139673
         515     1.12592     1.23397   0.0139418
         516     1.12646     1.23376   0.0139163
         517     1.12697     1.23356   0.0138909
         518     1.12744     1.23335   0.0138656
         519     1.12787     1.23315   0.0138404
         520     1.12827     1.23295   0.0138152
         521     1.12864     1.23275   0.0137902
         522     1.12897     1.23255   0.0137652
         523     1.12927     1.23235   0.0137403
         524     1.12954     1.23215   0.0137155
         525     1.12978     1.23196   0.0136907
         526     1.12999     1.23176   0.0136661
         527     1.13018     1.23157   0.0136415
         528     1.13033     1.23138    0.013617
         529     1.13047     1.23119   0.0135926
         530     1.13058       1.231   0.0135683
         531     1.13066     1.23081   0.0135441
         532     1.13073     1.23062   0.0135199
         533     1.13077     1.23044   0.0134958
         534     1.13079     1.23025   0.0134718
         535      1.1308     1.23006    0.013448
         536     1.13078     1.22988   0.0134241
         537     1.13075     1.22969   0.0134004
         538      1.1307     1.22951   0.0133768
         539     1.13064     1.22933   0.0133532
         540     1.13056     1.22914   0.0133297
         541     1.13047     1.22896   0.0133063
         542     1.13036     1.22878    0.013283
         543     1.13024      1.2286   0.0132598
         544     1.13011     1.22842   0.0132367
         545     1.12996     1.22824   0.0132136
         546     1.12981     1.22805   0.0131906
         547     1.12964     1.22788   0.0131678
         548     1.12947      1.2277   0.0131449
         549     1.12929     1.22752   0.0131222
         550     1.12909     1.22734   0.0130996
         551     1.12889     1.22716    0.013077
         552     1.12868     1.22698   0.0130546
         553     1.12847      1.2268   0.0130322
         554     1.12824     1.22662   0.0130099
         555     1.12801     1.22645   0.0129876
         556     1.12777     1.22627   0.0129655
         557     1.12753     1.22609   0.0129434
         558     1.12728     1.22591   0.0129214
         559     1.12702     1.22574   0.0128995
         560     1.12676     1.22556   0.0128777
         561     1.12649     1.22538    0.012856
         562     1.12622     1.22521   0.0128343
         563     1.12594     1.22503   0.0128127
         564     1.12565     1.22486   0.0127912
         565     1.12536     1.22468   0.0127698
         566     1.12506      1.2245   0.0127484
         567     1.12476     1.22433   0.0127272
         568     1.12444     1.22415    0.012706
         569     1.12413     1.22398   0.0126849
         570      1.1238      1.2238   0.0126638
         571     1.12347     1.22362   0.0126429
         572     1.12313     1.22345    0.012622
         573     1.12278     1.22327   0.0126012
         574     1.12243      1.2231   0.0125804
         575     1.12206     1.22292   0.0125598
         576     1.12169     1.22275   0.0125392
         577     1.12131     1.22257   0.0125187
         578     1.12092     1.22239   0.0124983
         579     1.12052     1.22222   0.0124779
         580      1.1201     1.22204   0.0124577
         581     1.11968     1.22187   0.0124375
         582     1.11925     1.22169   0.0124174
         583     1.11881     1.22151   0.0123973
         584     1.11835     1.22134   0.0123773
         585     1.11788     1.22116   0.0123574
         586      1.1174     1.22098   0.0123376
         587      1.1169     1.22081   0.0123179
         588     1.11639     1.22063   0.0122982
         589     1.11586     1.22045   0.0122786
         590     1.11532     1.22027   0.0122591
         591     1.11477     1.22009   0.0122397
         592      1.1142     1.21991   0.0122203
         593     1.11361     1.21973    0.012201
         594     1.11301     1.21956   0.0121818
         595     1.11239     1.21938   0.0121626
         596     1.11175     1.21919   0.0121436
         597      1.1111     1.21901   0.0121246
         598     1.11043     1.21883   0.0121057
         599     1.10973     1.21865   0.0120868
         600     1.10903     1.21847   0.0120681
         601      1.1083     1.21828   0.0120494
         602     1.10755      1.2181   0.0120308
         603     1.10679     1.21792   0.0120122
         604       1.106     1.21773   0.0119938
         605      1.1052     1.21754   0.0119754
         606     1.10438     1.21736   0.0119571
         607     1.10354     1.21717   0.0119389
         608     1.10268     1.21698   0.0119207
         609      1.1018     1.21679   0.0119026
         610     1.10091      1.2166   0.0118846
         611         1.1     1.21641   0.0118667
         612     1.09907     1.21622   0.0118489
         613     1.09812     1.21603   0.0118311
         614     1.09716     1.21583   0.0118134
         615     1.09617     1.21564   0.0117958
         616     1.09518     1.21544   0.0117783
         617     1.09417     1.21525   0.0117608
         618     1.09314     1.21505   0.0117435
         619      1.0921     1.21485   0.0117262
         620     1.09105     1.21465    0.011709
         621     1.08998     1.21445   0.0116918
         622      1.0889     1.21425   0.0116748
         623     1.08782     1.21405   0.0116578
         624     1.08672     1.21384   0.0116409
         625     1.08561     1.21364   0.0116241
         626     1.08449     1.21343   0.0116073
         627     1.08336     1.21322   0.0115907
         628     1.08223     1.21301   0.0115741
         629     1.08109      1.2128   0.0115576
         630     1.07994     1.21259   0.0115412
         631     1.07879     1.21238   0.0115248
         632     1.07764     1.21217   0.0115086
         633     1.07647     1.21195   0.0114924
         634     1.07531     1.21174   0.0114763
         635     1.07414     1.21152   0.0114603
         636     1.07297      1.2113   0.0114443
         637      1.0718     1.21108   0.0114284
         638     1.07062     1.21086   0.0114126
         639     1.06945     1.21064   0.0113969
         640     1.06827     1.21042   0.0113813
         641     1.06709      1.2102   0.0113657
         642     1.06591     1.20997   0.0113503
         643     1.06473     1.20975   0.0113348
         644     1.06355     1.20952   0.0113195
         645     1.06237     1.20929   0.0113043
         646     1.06119     1.20906   0.0112891
         647        1.06     1.20883    0.011274
         648     1.05882      1.2086    0.011259
         649     1.05764     1.20837    0.011244
         650     1.05645     1.20813   0.0112292
         651     1.05527      1.2079   0.0112144
         652     1.05408     1.20766   0.0111996
         653     1.05289     1.20743    0.011185
         654      1.0517     1.20719   0.0111704
         655      1.0505     1.20695   0.0111559
         656     1.04931     1.20671   0.0111415
         657     1.04811     1.20647   0.0111272
         658     1.04691     1.20622   0.0111129
         659      1.0457     1.20598   0.0110987
         660      1.0445     1.20574   0.0110846
         661     1.04329     1.20549   0.0110706
         662     1.04207     1.20524   0.0110566
         663     1.04086       1.205   0.0110427
         664     1.03964     1.20475   0.0110289
         665     1.03841      1.2045   0.0110151
         666     1.03719     1.20425   0.0110014
         667     1.03596     1.20399   0.0109878
         668     1.03472     1.20374   0.0109743
         669     1.03349     1.20348   0.0109609
         670     1.03225     1.20323   0.0109475
         671     1.03101     1.20297   0.0109342
         672     1.02977     1.20271   0.0109209
         673     1.02852     1.20246   0.0109078
         674     1.02728      1.2022   0.0108947
         675     1.02603     1.20194   0.0108817
         676     1.02479     1.20167   0.0108687
         677     1.02355     1.20141   0.0108559
         678     1.02231     1.20115   0.0108431
         679     1.02108     1.20088   0.0108303
         680     1.01985     1.20061   0.0108177
         681     1.01863     1.20035   0.0108051
         682     1.01741     1.20008   0.0107926
         683     1.01621     1.19981   0.0107801
         684     1.01501     1.19954   0.0107678
         685     1.01383     1.19927   0.0107555
         686     1.01266       1.199   0.0107432
         687     1.01151     1.19872    0.010731
         688     1.01037     1.19845   0.0107189
         689     1.00925     1.19818   0.0107069
         690     1.00815      1.1979   0.0106949
         691     1.00708     1.19762    0.010683
         692     1.00602     1.19735   0.0106712
         693       1.005     1.19707   0.0106594
         694       1.004     1.19679   0.0106476
         695     1.00303     1.19651    0.010636
         696     1.00209     1.19623   0.0106244
         697     1.00118     1.19595   0.0106128
         698     1.00031     1.19567   0.0106013
         699    0.999471     1.19539   0.0105898
         700     0.99867     1.19511   0.0105784
         701    0.997908     1.19483   0.0105671
         702    0.997186     1.19455   0.0105558
         703    0.996505     1.19427   0.0105445
         704    0.995866     1.19398   0.0105333
         705     0.99527      1.1937   0.0105221
         706     0.99472     1.19342    0.010511
         707    0.994215     1.19314   0.0104999
         708    0.993757     1.19286   0.0104889
         709    0.993347     1.19258   0.0104779
         710    0.992986      1.1923   0.0104669
         711    0.992674     1.19201   0.0104559
         712    0.992412     1.19173    0.010445
         713      0.9922     1.19145   0.0104341
         714     0.99204     1.19117   0.0104232
         715     0.99193      1.1909   0.0104124
         716    0.991871     1.19062   0.0104015
         717    0.991864     1.19034   0.0103907
         718    0.991908     1.19006   0.0103799
         719    0.992003     1.18979   0.0103691
         720    0.992149     1.18951   0.0103584
         721    0.992347     1.18924   0.0103476
         722    0.992594     1.18897   0.0103369
         723    0.992891      1.1887   0.0103261
         724    0.993236     1.18843   0.0103154
         725     0.99363     1.18816   0.0103046
         726     0.99407     1.18789   0.0102939
         727    0.994557     1.18763   0.0102832
         728     0.99509     1.18736   0.0102725
         729    0.995667      1.1871   0.0102617
         730    0.996289     1.18684    0.010251
         731    0.996952     1.18658   0.0102403
         732    0.997656     1.18632   0.0102295
         733    0.998399     1.18606   0.0102188
         734    0.999181     1.18581   0.0102081
         735    0.999999     1.18556   0.0101973
         736     1.00085      1.1853   0.0101865
         737     1.00174     1.18506   0.0101757
         738     1.00266     1.18481    0.010165
         739     1.00361     1.18456   0.0101542
         740     1.00459     1.18432   0.0101434
         741      1.0056     1.18408   0.0101325
         742     1.00663     1.18384   0.0101217
         743     1.00768      1.1836   0.0101109
         744     1.00876     1.18337      0.0101
         745     1.00986     1.18313   0.0100891
         746     1.01097      1.1829   0.0100782
         747      1.0121     1.18267   0.0100673
         748     1.01325     1.18245   0.0100564
         749     1.01441     1.18222   0.0100455
         750     1.01558       1.182   0.0100346
         751     1.01676     1.18178   0.0100236
         752     1.01795     1.18156   0.0100127
         753     1.01915     1.18135   0.0100017
         754     1.02035     1.18113  0.00999069
         755     1.02155     1.18092   0.0099797
         756     1.02276     1.18071  0.00996869
         757     1.02396     1.18051  0.00995767
         758     1.02516      1.1803  0.00994664
         759     1.02637      1.1801  0.00993561
         760     1.02756      1.1799  0.00992456
         761     1.02875      1.1797   0.0099135
         762     1.02994      1.1795  0.00990244
         763     1.03112     1.17931  0.00989137
         764     1.03229     1.17912   0.0098803
         765     1.03345     1.17893  0.00986922
         766      1.0346     1.17874  0.00985813
         767     1.03573     1.17855  0.00984704
         768     1.03686     1.17837  0.00983595
         769     1.03797     1.17818  0.00982485
         770     1.03906       1.178  0.00981375
         771     1.04014     1.17782  0.00980265
         772     1.04121     1.17765  0.00979155
         773     1.04226     1.17747  0.00978045
         774     1.04329      1.1773  0.00976935
         775      1.0443     1.17713  0.00975826
         776     1.04529     1.17696  0.00974716
         777     1.04627     1.17679  0.00973607
         778     1.04722     1.17662  0.00972498
         779     1.04816     1.17646  0.00971389
         780     1.04907     1.17629  0.00970281
         781     1.04996     1.17613  0.00969173
         782     1.05083     1.17597  0.00968066
         783     1.05168     1.17581   0.0096696
         784     1.05251     1.17566  0.00965855
         785     1.05332      1.1755   0.0096475
         786      1.0541     1.17535  0.00963646
         787     1.05485     1.17519  0.00962543
         788     1.05559     1.17504  0.00961442
         789      1.0563     1.17489  0.00960341
         790     1.05698     1.17474  0.00959241
         791     1.05763     1.17459  0.00958143
         792     1.05826     1.17445  0.00957046
         793     1.05887      1.1743   0.0095595
         794     1.05944     1.17416  0.00954855
         795     1.05999     1.17401  0.00953762
         796     1.06051     1.17387   0.0095267
         797     1.06099     1.17373   0.0095158
         798     1.06145     1.17359  0.00950492
         799     1.06188     1.17345  0.00949405
         800     1.06228     1.17331   0.0094832
         801     1.06264     1.17317  0.00947237
         802     1.06297     1.17303  0.00946155
         803     1.06327      1.1729  0.00945076
         804     1.06353     1.17276  0.00943998
         805     1.06376     1.17263  0.00942923
         806     1.06395     1.17249  0.00941849
         807      1.0641     1.17236  0.00940778
         808     1.06422     1.17222  0.00939709
         809      1.0643     1.17209  0.00938642
         810     1.06434     1.17196  0.00937577
         811     1.06434     1.17182  0.00936515
         812     1.06431     1.17169  0.00935455
         813     1.06423     1.17156  0.00934398
         814     1.06412     1.17143  0.00933343
         815     1.06396     1.17129  0.00932291
         816     1.06377     1.17116  0.00931242
         817     1.06353     1.17103  0.00930195
         818     1.06326      1.1709  0.00929152
         819     1.06295     1.17077  0.00928111
         820     1.06259     1.17064  0.00927072
         821      1.0622      1.1705  0.00926037
         822     1.06177     1.17037  0.00925005
         823      1.0613     1.17024  0.00923976
         824      1.0608     1.17011   0.0092295
         825     1.06025     1.16997  0.00921928
         826     1.05968     1.16984  0.00920908
         827     1.05907     1.16971  0.00919892
         828     1.05843     1.16957  0.00918879
         829     1.05775     1.16944   0.0091787
         830     1.05705      1.1693  0.00916864
         831     1.05633     1.16917  0.00915861
         832     1.05558     1.16903  0.00914862
         833     1.05481     1.16889  0.00913867
         834     1.05402     1.16875  0.00912875
         835     1.05321     1.16862  0.00911886
         836     1.05238     1.16848  0.00910902
         837     1.05155     1.16834   0.0090992
         838     1.05071      1.1682  0.00908943
         839     1.04986     1.16806  0.00907969
         840     1.04901     1.16791  0.00906999
         841     1.04816     1.16777  0.00906032
         842     1.04731     1.16763  0.00905069
         843     1.04647     1.16748  0.00904109
         844     1.04564     1.16734  0.00903153
         845     1.04482     1.16719  0.00902201
         846     1.04401     1.16705  0.00901252
         847     1.04323      1.1669  0.00900306
         848     1.04247     1.16676  0.00899364
         849     1.04173     1.16661  0.00898426
         850     1.04101     1.16646   0.0089749
         851     1.04033     1.16631  0.00896558
         852     1.03967     1.16616  0.00895629
         853     1.03905     1.16602  0.00894703
         854     1.03847     1.16587   0.0089378
         855     1.03791     1.16572   0.0089286
         856      1.0374     1.16557  0.00891942
         857     1.03692     1.16542  0.00891028
         858     1.03649     1.16527  0.00890116
         859     1.03609     1.16512  0.00889207
         860     1.03573     1.16497    0.008883
         861      1.0354     1.16481  0.00887396
         862     1.03512     1.16466  0.00886494
         863     1.03487     1.16451  0.00885594
         864     1.03466     1.16436  0.00884697
         865     1.03449     1.16421  0.00883802
         866     1.03435     1.16406  0.00882908
         867     1.03423     1.16391  0.00882017
         868     1.03415     1.16376  0.00881127
         869      1.0341     1.16362   0.0088024
         870     1.03407     1.16347  0.00879354
         871     1.03406     1.16332   0.0087847
         872     1.03408     1.16317  0.00877587
         873     1.03411     1.16302  0.00876707
         874     1.03415     1.16287  0.00875828
         875     1.03421     1.16273   0.0087495
         876     1.03428     1.16258  0.00874074
         877     1.03435     1.16243    0.008732
         878     1.03442     1.16229  0.00872327
         879      1.0345     1.16214  0.00871456
         880     1.03457       1.162  0.00870586
         881     1.03463     1.16185  0.00869718
         882     1.03469     1.16171  0.00868851
         883     1.03474     1.16157  0.00867986
         884     1.03478     1.16142  0.00867123
         885      1.0348     1.16128  0.00866261
         886      1.0348     1.16114  0.00865401
         887     1.03478     1.16099  0.00864543
         888     1.03475     1.16085  0.00863686
         889     1.03469     1.16071  0.00862831
         890     1.03461     1.16057  0.00861978
         891      1.0345     1.16043  0.00861126
         892     1.03437     1.16029  0.00860277
         893      1.0342     1.16014  0.00859429
         894     1.03402        1.16  0.00858584
         895      1.0338     1.15986   0.0085774
         896     1.03356     1.15972  0.00856899
         897     1.03328     1.15958   0.0085606
         898     1.03298     1.15944  0.00855222
         899     1.03265      1.1593  0.00854387
         900     1.03229     1.15916  0.00853555
         901      1.0319     1.15902  0.00852724
         902     1.03148     1.15887  0.00851896
         903     1.03103     1.15873   0.0085107
         904     1.03056     1.15859  0.00850247
         905     1.03006     1.15845  0.00849426
         906     1.02954     1.15831  0.00848607
         907     1.02899     1.15816  0.00847792
         908     1.02842     1.15802  0.00846978
         909     1.02783     1.15788  0.00846168
         910     1.02721     1.15773   0.0084536
         911     1.02658     1.15759  0.00844554
         912     1.02593     1.15745  0.00843752
         913     1.02525      1.1573  0.00842952
         914     1.02457     1.15716  0.00842154
         915     1.02386     1.15701   0.0084136
         916     1.02315     1.15686  0.00840568
         917     1.02242     1.15672   0.0083978
         918     1.02168     1.15657  0.00838994
         919     1.02093     1.15642  0.00838211
         920     1.02017     1.15627   0.0083743
         921      1.0194     1.15613  0.00836653
         922     1.01863     1.15598  0.00835878
         923     1.01785     1.15583  0.00835107
         924     1.01707     1.15568  0.00834338
         925     1.01629     1.15553  0.00833572
         926     1.01551     1.15538  0.00832809
         927     1.01473     1.15522  0.00832049
         928     1.01395     1.15507  0.00831291
         929     1.01318     1.15492  0.00830537
         930     1.01241     1.15477  0.00829785
         931     1.01165     1.15461  0.00829036
         932     1.01089     1.15446   0.0082829
         933     1.01015      1.1543  0.00827547
         934     1.00942     1.15415  0.00826806
         935      1.0087     1.15399  0.00826068
         936     1.00799     1.15384  0.00825333
         937      1.0073     1.15368    0.008246
         938     1.00663     1.15352   0.0082387
         939     1.00597     1.15337  0.00823143
         940     1.00534     1.15321  0.00822418
         941     1.00473     1.15305  0.00821695
         942     1.00414     1.15289  0.00820975
         943     1.00357     1.15273  0.00820257
         944     1.00303     1.15258  0.00819541
         945     1.00253     1.15242  0.00818828
         946     1.00205     1.15226  0.00818116
         947      1.0016      1.1521  0.00817407
         948     1.00118     1.15194    0.008167
         949      1.0008     1.15178  0.00815995
         950     1.00045     1.15162  0.00815291
         951     1.00015     1.15146  0.00814589
         952    0.999877      1.1513  0.00813889
         953    0.999647     1.15114  0.00813191
         954    0.999457     1.15098  0.00812494
         955    0.999308     1.15083  0.00811798
         956    0.999202     1.15067  0.00811104
         957    0.999138     1.15051  0.00810411
         958    0.999117     1.15035  0.00809719
         959     0.99914     1.15019  0.00809028
         960    0.999207     1.15004  0.00808339
         961    0.999317     1.14988   0.0080765
         962    0.999471     1.14972  0.00806961
         963    0.999669     1.14957  0.00806274
         964    0.999908     1.14941  0.00805587
         965     1.00019     1.14926    0.008049
         966     1.00051      1.1491  0.00804214
         967     1.00087     1.14895  0.00803529
         968     1.00127      1.1488  0.00802844
         969      1.0017     1.14865  0.00802159
         970     1.00216     1.14849  0.00801474
         971     1.00266     1.14834  0.00800789
         972     1.00319     1.14819  0.00800104
         973     1.00374     1.14805   0.0079942
         974     1.00431      1.1479  0.00798735
         975     1.00491     1.14775  0.00798051
         976     1.00553     1.14761  0.00797366
         977     1.00616     1.14746  0.00796681
         978     1.00681     1.14732  0.00795997
         979     1.00746     1.14717  0.00795312
         980     1.00812     1.14703  0.00794627
         981     1.00879     1.14689  0.00793942
         982     1.00945     1.14675  0.00793256
         983     1.01012     1.14661  0.00792571
         984     1.01078     1.14647  0.00791886
         985     1.01143     1.14634  0.00791201
         986     1.01206      1.1462  0.00790515
         987     1.01269     1.14607   0.0078983
         988     1.01329     1.14593  0.00789145
         989     1.01388      1.1458   0.0078846
         990     1.01444     1.14567  0.00787775
         991     1.01498     1.14553  0.00787091
         992     1.01549      1.1454  0.00786407
         993     1.01598     1.14527  0.00785723
         994     1.01643     1.14514  0.00785039
         995     1.01685     1.14501  0.00784356
         996     1.01723     1.14489  0.00783673
         997     1.01758     1.14476  0.00782991
         998     1.01789     1.14463   0.0078231
         999     1.01816      1.1445  0.00781629
        1000     1.01839     1.14438  0.00780949
        1001     1.01858     1.14425   0.0078027
        1002     1.01872     1.14413  0.00779592
        1003     1.01882       1.144  0.00778915
        1004     1.01888     1.14388  0.00778239
        1005     1.01889     1.14375  0.00777564
        1006     1.01885     1.14363   0.0077689
        1007     1.01877      1.1435  0.00776218
        1008     1.01864     1.14338  0.00775546
        1009     1.01847     1.14326  0.00774877
        1010     1.01825     1.14313  0.00774208
        1011     1.01798     1.14301  0.00773541
        1012     1.01766     1.14289  0.00772876
        1013      1.0173     1.14276  0.00772213
        1014     1.01689     1.14264  0.00771551
        1015     1.01643     1.14251  0.00770891
        1016     1.01593     1.14239  0.00770233
        1017     1.01538     1.14226  0.00769577
        1018     1.01479     1.14214  0.00768923
        1019     1.01415     1.14201  0.00768271
        1020     1.01347     1.14189  0.00767621
        1021     1.01275     1.14176  0.00766973
        1022     1.01198     1.14163  0.00766328
        1023     1.01117     1.14151  0.00765685
        1024     1.01032     1.14138  0.00765044
        1025     1.00943     1.14125  0.00764406
        1026     1.00851     1.14112  0.00763771
        1027     1.00755     1.14099  0.00763138
        1028     1.00655     1.14086  0.00762507
        1029     1.00552     1.14073   0.0076188
        1030     1.00445      1.1406  0.00761255
        1031     1.00335     1.14046  0.00760633
        1032     1.00223     1.14033  0.00760014
        1033     1.00107     1.14019  0.00759398
        1034    0.999896     1.14006  0.00758784
        1035    0.998693     1.13992  0.00758174
        1036    0.997467     1.13978  0.00757567
        1037    0.996221     1.13965  0.00756963
        1038    0.994957     1.13951  0.00756362
        1039    0.993676     1.13937  0.00755764
        1040    0.992381     1.13922   0.0075517
        1041    0.991074     1.13908  0.00754578
        1042    0.989757     1.13894   0.0075399
        1043    0.988431     1.13879  0.00753405
        1044      0.9871     1.13865  0.00752824
        1045    0.985765      1.1385  0.00752246
        1046    0.984428     1.13836  0.00751671
        1047    0.983092     1.13821  0.00751099
        1048    0.981758     1.13806  0.00750531
        1049    0.980428     1.13791  0.00749966
        1050    0.979105     1.13776  0.00749404
        1051    0.977789      1.1376  0.00748845
        1052    0.976482     1.13745   0.0074829
        1053    0.975186      1.1373  0.00747738
        1054    0.973904     1.13714  0.00747189
        1055    0.972634     1.13699  0.00746644
        1056     0.97138     1.13683  0.00746101
        1057    0.970143     1.13667  0.00745562
        1058    0.968922     1.13651  0.00745026
        1059     0.96772     1.13635  0.00744493
        1060    0.966537     1.13619  0.00743963
        1061    0.965374     1.13603  0.00743436
        1062    0.964231     1.13587  0.00742912
        1063    0.963109     1.13571  0.00742391
        1064    0.962008     1.13554  0.00741873
        1065    0.960928     1.13538  0.00741357
        1066     0.95987     1.13522  0.00740844
        1067    0.958834     1.13505  0.00740335
        1068     0.95782     1.13488  0.00739827
        1069    0.956828     1.13472  0.00739323
        1070    0.955857     1.13455  0.00738821
        1071    0.954907     1.13438  0.00738321
        1072    0.953978     1.13421  0.00737824
        1073     0.95307     1.13405   0.0073733
        1074    0.952183     1.13388  0.00736838
        1075    0.951317     1.13371  0.00736348
        1076    0.950471     1.13354   0.0073586
        1077    0.949645     1.13337  0.00735375
        1078     0.94884     1.13319  0.00734892
        1079    0.948055     1.13302  0.00734412
        1080     0.94729     1.13285  0.00733933
        1081    0.946545     1.13268  0.00733456
        1082     0.94582     1.13251  0.00732982
        1083    0.945115     1.13233  0.00732509
        1084    0.944431     1.13216  0.00732038
        1085    0.943767     1.13199   0.0073157
        1086    0.943123     1.13181  0.00731103
        1087    0.942501     1.13164  0.00730637
        1088      0.9419     1.13146  0.00730174
        1089     0.94132     1.13129  0.00729712
        1090    0.940764     1.13111  0.00729252
        1091    0.940231     1.13094  0.00728793
        1092    0.939721     1.13076  0.00728336
        1093    0.939236     1.13059  0.00727881
        1094    0.938776     1.13041  0.00727427
        1095    0.938342     1.13024  0.00726974
        1096    0.937935     1.13006  0.00726522
        1097    0.937555     1.12989  0.00726072
        1098    0.937204     1.12971  0.00725623
        1099    0.936883     1.12954  0.00725174
        1100    0.936591     1.12936  0.00724727
        1101    0.936331     1.12919  0.00724281
        1102    0.936103     1.12901  0.00723836
        1103    0.935908     1.12884  0.00723391
        1104    0.935745     1.12866  0.00722947
        1105    0.935616     1.12849  0.00722504
        1106    0.935521     1.12831  0.00722061
        1107    0.935461     1.12814  0.00721619
        1108    0.935437     1.12796  0.00721178
        1109    0.935449     1.12779  0.00720736
        1110    0.935498     1.12762  0.00720295
        1111    0.935583     1.12744  0.00719854
        1112    0.935706     1.12727  0.00719413
        1113    0.935866      1.1271  0.00718972
        1114    0.936064     1.12693  0.00718531
        1115    0.936299     1.12676   0.0071809
        1116    0.936572     1.12659  0.00717649
        1117    0.936882     1.12642  0.00717208
        1118    0.937228     1.12625  0.00716766
        1119    0.937611     1.12608  0.00716323
        1120     0.93803     1.12591  0.00715881
        1121    0.938485     1.12574  0.00715437
        1122    0.938974     1.12558  0.00714993
        1123    0.939498     1.12541  0.00714548
        1124    0.940055     1.12525  0.00714103
        1125    0.940645     1.12508  0.00713657
        1126    0.941267     1.12492   0.0071321
        1127    0.941921     1.12476  0.00712762
        1128    0.942604      1.1246  0.00712313
        1129    0.943318     1.12443  0.00711863
        1130    0.944059     1.12428  0.00711412
        1131    0.944827     1.12412  0.00710959
        1132    0.945622     1.12396  0.00710506
        1133    0.946443      1.1238  0.00710052
        1134    0.947288     1.12365  0.00709596
        1135    0.948156     1.12349   0.0070914
        1136    0.949047     1.12334  0.00708682
        1137    0.949959     1.12319  0.00708222
        1138    0.950893     1.12303  0.00707762
        1139    0.951846     1.12288    0.007073
        1140    0.952819     1.12273  0.00706837
        1141    0.953809     1.12259  0.00706372
        1142    0.954816     1.12244  0.00705907
        1143    0.955838     1.12229  0.00705439
        1144    0.956876     1.12215  0.00704971
        1145    0.957928     1.12201  0.00704501
        1146    0.958994     1.12186   0.0070403
        1147    0.960073     1.12172  0.00703557
        1148    0.961164     1.12158  0.00703084
        1149    0.962267     1.12144  0.00702608
        1150    0.963382     1.12131  0.00702132
        1151    0.964507     1.12117  0.00701654
        1152    0.965644     1.12104  0.00701175
        1153     0.96679      1.1209  0.00700694
        1154    0.967946     1.12077  0.00700212
        1155    0.969112     1.12064  0.00699729
        1156    0.970286     1.12051  0.00699245
        1157    0.971469     1.12038  0.00698759
        1158    0.972662     1.12025  0.00698272
        1159    0.973863     1.12013  0.00697784
        1160    0.975072        1.12  0.00697294
        1161    0.976291     1.11988  0.00696804
        1162    0.977519     1.11975  0.00696312
        1163    0.978756     1.11963  0.00695819
        1164    0.980003     1.11951  0.00695324
        1165     0.98126     1.11939  0.00694829
        1166    0.982527     1.11928  0.00694332
        1167    0.983804     1.11916  0.00693834
        1168    0.985093     1.11905  0.00693335
        1169    0.986393     1.11893  0.00692834
        1170    0.987705     1.11882  0.00692333
        1171     0.98903     1.11871  0.00691831
        1172    0.990369      1.1186  0.00691327
        1173    0.991722     1.11849  0.00690822
        1174    0.993089     1.11838  0.00690316
        1175    0.994471     1.11828  0.00689809
        1176    0.995869     1.11818  0.00689301
        1177    0.997284     1.11807  0.00688792
        1178    0.998717     1.11797  0.00688282
        1179     1.00017     1.11787  0.00687771
        1180     1.00164     1.11777  0.00687258
        1181     1.00313     1.11768  0.00686745
        1182     1.00464     1.11758  0.00686231
        1183     1.00618     1.11749  0.00685715
        1184     1.00773     1.11739  0.00685199
        1185     1.00931      1.1173  0.00684681
        1186     1.01091     1.11721  0.00684163
        1187     1.01254     1.11712  0.00683643
        1188     1.01418     1.11704  0.00683123
        1189     1.01586     1.11695  0.00682601
        1190     1.01755     1.11687  0.00682078
        1191     1.01927     1.11679  0.00681555
        1192     1.02102     1.11671  0.00681031
        1193     1.02279     1.11663  0.00680505
        1194     1.02459     1.11655  0.00679979
        1195     1.02641     1.11648  0.00679452
        1196     1.02825      1.1164  0.00678924
        1197     1.03012     1.11633  0.00678395
        1198     1.03201     1.11626  0.00677865
        1199     1.03392     1.11619  0.00677334
        1200     1.03585     1.11612  0.00676803
        1201      1.0378     1.11606  0.00676271
        1202     1.03977     1.11599  0.00675738
        1203     1.04175     1.11593  0.00675205
        1204     1.04375     1.11587   0.0067467
        1205     1.04577     1.11581  0.00674136
        1206     1.04779     1.11576    0.006736
        1207     1.04983      1.1157  0.00673064
        1208     1.05187     1.11565  0.00672528
        1209     1.05392      1.1156  0.00671991
        1210     1.05598     1.11555  0.00671454
        1211     1.05803      1.1155  0.00670916
        1212     1.06009     1.11546  0.00670378
        1213     1.06214     1.11541   0.0066984
        1214     1.06418     1.11537  0.00669301
        1215     1.06622     1.11533  0.00668763
        1216     1.06824     1.11529  0.00668224
        1217     1.07026     1.11526  0.00667685
        1218     1.07225     1.11522  0.00667146
        1219     1.07423     1.11519  0.00666607
        1220     1.07619     1.11515  0.00666069
        1221     1.07812     1.11512   0.0066553
        1222     1.08004      1.1151  0.00664992
        1223     1.08192     1.11507  0.00664453
        1224     1.08377     1.11504  0.00663916
        1225      1.0856     1.11502  0.00663378
        1226     1.08739       1.115  0.00662841
        1227     1.08914     1.11497  0.00662304
        1228     1.09086     1.11496  0.00661767
        1229     1.09253     1.11494  0.00661231
        1230     1.09417     1.11492  0.00660696
        1231     1.09576      1.1149  0.00660161
        1232      1.0973     1.11489  0.00659627
        1233      1.0988     1.11488  0.00659093
        1234     1.10025     1.11487   0.0065856
        1235     1.10165     1.11485  0.00658028
        1236       1.103     1.11485  0.00657496
        1237      1.1043     1.11484  0.00656965
        1238     1.10554     1.11483  0.00656435
        1239     1.10673     1.11482  0.00655905
        1240     1.10787     1.11482  0.00655377
        1241     1.10895     1.11481  0.00654849
        1242     1.10998     1.11481  0.00654322
        1243     1.11095     1.11481  0.00653795
        1244     1.11186      1.1148   0.0065327
        1245     1.11272      1.1148  0.00652745
        1246     1.11352      1.1148  0.00652221
        1247     1.11427      1.1148  0.00651698
        1248     1.11495      1.1148  0.00651176
        1249     1.11559      1.1148  0.00650655
        1250     1.11616      1.1148  0.00650134
        1251     1.11668      1.1148  0.00649614
        1252     1.11715      1.1148  0.00649096
        1253     1.11756     1.11481  0.00648578
        1254     1.11792     1.11481   0.0064806
        1255     1.11822     1.11481  0.00647544
        1256     1.11848     1.11482  0.00647029
        1257     1.11868     1.11482  0.00646514
        1258     1.11883     1.11482     0.00646
        1259     1.11894     1.11482  0.00645487
        1260     1.11899     1.11483  0.00644975
        1261     1.11901     1.11483  0.00644463
        1262     1.11897     1.11483  0.00643953
        1263      1.1189     1.11484  0.00643443
        1264     1.11878     1.11484  0.00642934
        1265     1.11862     1.11484  0.00642426
        1266     1.11843     1.11485  0.00641918
        1267      1.1182     1.11485  0.00641412
        1268     1.11793     1.11485  0.00640906
        1269     1.11763     1.11485  0.00640401
        1270      1.1173     1.11486  0.00639897
        1271     1.11694     1.11486  0.00639393
        1272     1.11655     1.11486  0.00638891
        1273     1.11614     1.11486  0.00638389
        1274      1.1157     1.11486  0.00637888
        1275     1.11524     1.11486  0.00637388
        1276     1.11477     1.11486  0.00636888
        1277     1.11427     1.11486  0.00636389
        1278     1.11376     1.11486  0.00635891
        1279     1.11323     1.11486  0.00635394
        1280      1.1127     1.11486  0.00634898
        1281     1.11215     1.11485  0.00634402
        1282     1.11159     1.11485  0.00633907
        1283     1.11103     1.11485  0.00633413
        1284     1.11046     1.11485   0.0063292
        1285     1.10989     1.11484  0.00632428
        1286     1.10931     1.11484  0.00631936
        1287     1.10873     1.11483  0.00631445
        1288     1.10816     1.11483  0.00630955
        1289     1.10758     1.11482  0.00630466
        1290     1.10701     1.11482  0.00629978
        1291     1.10645     1.11481   0.0062949
        1292     1.10589      1.1148  0.00629003
        1293     1.10533     1.11479  0.00628517
        1294     1.10479     1.11479  0.00628032
        1295     1.10425     1.11478  0.00627547
        1296     1.10372     1.11477  0.00627064
        1297      1.1032     1.11476  0.00626581
        1298     1.10269     1.11475  0.00626099
        1299     1.10219     1.11474  0.00625618
        1300      1.1017     1.11473  0.00625137
        1301     1.10122     1.11472  0.00624657
        1302     1.10076     1.11471  0.00624179
        1303     1.10031      1.1147  0.00623701
        1304     1.09987     1.11469  0.00623223
        1305     1.09944     1.11468  0.00622747
        1306     1.09904     1.11467  0.00622271
        1307     1.09864     1.11465  0.00621796
        1308     1.09826     1.11464  0.00621322
        1309      1.0979     1.11463  0.00620849
        1310     1.09755     1.11461  0.00620376
        1311     1.09722      1.1146  0.00619904
        1312      1.0969     1.11459  0.00619433
        1313      1.0966     1.11457  0.00618963
        1314     1.09632     1.11456  0.00618494
        1315     1.09606     1.11455  0.00618025
        1316     1.09582     1.11453  0.00617557
        1317     1.09559     1.11452   0.0061709
        1318     1.09539      1.1145  0.00616623
        1319      1.0952     1.11449  0.00616157
        1320     1.09504     1.11447  0.00615692
        1321      1.0949     1.11446  0.00615228
        1322     1.09478     1.11444  0.00614765
        1323     1.09468     1.11443  0.00614302
        1324     1.09461     1.11441   0.0061384
        1325     1.09456      1.1144  0.00613378
        1326     1.09453     1.11438  0.00612917
        1327     1.09453     1.11437  0.00612457
        1328     1.09456     1.11435  0.00611998
        1329     1.09461     1.11434  0.00611539
        1330     1.09469     1.11432  0.00611081
        1331     1.09479     1.11431  0.00610624
        1332     1.09492      1.1143  0.00610167
        1333     1.09508     1.11428  0.00609711
        1334     1.09526     1.11427  0.00609256
        1335     1.09548     1.11425  0.00608801
        1336     1.09572     1.11424  0.00608347
        1337     1.09598     1.11423  0.00607893
        1338     1.09628     1.11421  0.00607441
        1339      1.0966      1.1142  0.00606988
        1340     1.09695     1.11419  0.00606537
        1341     1.09732     1.11417  0.00606086
        1342     1.09772     1.11416  0.00605635
        1343     1.09814     1.11415  0.00605186
        1344     1.09858     1.11414  0.00604736
        1345     1.09905     1.11413  0.00604288
        1346     1.09953     1.11412   0.0060384
        1347     1.10004     1.11411  0.00603392
        1348     1.10056     1.11409  0.00602946
        1349      1.1011     1.11409  0.00602499
        1350     1.10165     1.11408  0.00602054
        1351     1.10222     1.11407  0.00601609
        1352      1.1028     1.11406  0.00601165
        1353     1.10338     1.11405  0.00600721
        1354     1.10398     1.11404  0.00600278
        1355     1.10458     1.11404  0.00599835
        1356     1.10519     1.11403  0.00599393
        1357      1.1058     1.11402  0.00598952
        1358     1.10641     1.11402  0.00598511
        1359     1.10702     1.11401  0.00598071
        1360     1.10763     1.11401  0.00597631
        1361     1.10822       1.114  0.00597192
        1362     1.10882       1.114  0.00596754
        1363      1.1094       1.114  0.00596316
        1364     1.10997     1.11399  0.00595879
        1365     1.11053     1.11399  0.00595442
        1366     1.11108     1.11399  0.00595006
        1367     1.11161     1.11399  0.00594571
        1368     1.11213     1.11399  0.00594137
        1369     1.11262     1.11399  0.00593703
        1370      1.1131     1.11398  0.00593269
        1371     1.11355     1.11398  0.00592837
        1372     1.11399     1.11398  0.00592404
        1373     1.11439     1.11398  0.00591973
        1374     1.11478     1.11399  0.00591542
        1375     1.11514     1.11399  0.00591112
        1376     1.11547     1.11399  0.00590682
        1377     1.11578     1.11399  0.00590253
        1378     1.11606     1.11399  0.00589825
        1379     1.11631     1.11399  0.00589397
        1380     1.11653     1.11399   0.0058897
        1381     1.11672       1.114  0.00588544
        1382     1.11688       1.114  0.00588118
        1383     1.11701       1.114  0.00587693
        1384     1.11712       1.114  0.00587268
        1385     1.11719       1.114  0.00586844
        1386     1.11723     1.11401  0.00586421
        1387     1.11724     1.11401  0.00585998
        1388     1.11722     1.11401  0.00585576
        1389     1.11718     1.11401  0.00585154
        1390      1.1171     1.11402  0.00584734
        1391       1.117     1.11402  0.00584313
        1392     1.11686     1.11402  0.00583893
        1393      1.1167     1.11402  0.00583474
        1394     1.11651     1.11402  0.00583056
        1395     1.11629     1.11403  0.00582638
        1396     1.11605     1.11403  0.00582221
        1397     1.11578     1.11403  0.00581804
        1398     1.11549     1.11403  0.00581388
        1399     1.11518     1.11403  0.00580972
        1400     1.11484     1.11403  0.00580557
        1401     1.11449     1.11403  0.00580143
        1402     1.11411     1.11403  0.00579729
        1403     1.11372     1.11403  0.00579316
        1404      1.1133     1.11403  0.00578903
        1405     1.11287     1.11403  0.00578491
        1406     1.11243     1.11403   0.0057808
        1407     1.11197     1.11403  0.00577669
        1408      1.1115     1.11403  0.00577259
        1409     1.11101     1.11402  0.00576849
        1410     1.11052     1.11402   0.0057644
        1411     1.11002     1.11402  0.00576031
        1412     1.10951     1.11401  0.00575623
        1413     1.10899     1.11401  0.00575216
        1414     1.10846     1.11401   0.0057481
        1415     1.10794       1.114  0.00574403
        1416      1.1074       1.114  0.00573998
        1417     1.10687     1.11399  0.00573593
        1418     1.10633     1.11399  0.00573189
        1419     1.10579     1.11398  0.00572785
        1420     1.10525     1.11398  0.00572382
        1421     1.10472     1.11397   0.0057198
        1422     1.10419     1.11396  0.00571578
        1423     1.10366     1.11395  0.00571177
        1424     1.10313     1.11395  0.00570776
        1425     1.10261     1.11394  0.00570376
        1426      1.1021     1.11393  0.00569977
        1427      1.1016     1.11392  0.00569578
        1428      1.1011     1.11391   0.0056918
        1429     1.10061      1.1139  0.00568782
        1430     1.10013     1.11389  0.00568385
        1431     1.09966     1.11388  0.00567989
        1432      1.0992     1.11387  0.00567593
        1433     1.09875     1.11386  0.00567198
        1434     1.09831     1.11385  0.00566804
        1435     1.09788     1.11384   0.0056641
        1436     1.09747     1.11383  0.00566017
        1437     1.09706     1.11382  0.00565624
        1438     1.09667     1.11381  0.00565232
        1439     1.09629     1.11379   0.0056484
        1440     1.09592     1.11378  0.00564449
        1441     1.09556     1.11377  0.00564059
        1442     1.09521     1.11376  0.00563669
        1443     1.09488     1.11374   0.0056328
        1444     1.09456     1.11373  0.00562892
        1445     1.09424     1.11372  0.00562504
        1446     1.09394      1.1137  0.00562117
        1447     1.09365     1.11369   0.0056173
        1448     1.09337     1.11368  0.00561344
        1449     1.09311     1.11366  0.00560958
        1450     1.09285     1.11365  0.00560573
        1451      1.0926     1.11363  0.00560189
        1452     1.09235     1.11362  0.00559805
        1453     1.09212      1.1136  0.00559421
        1454      1.0919     1.11359  0.00559039
        1455     1.09168     1.11357  0.00558656
        1456     1.09147     1.11356  0.00558275
        1457     1.09126     1.11354  0.00557894
        1458     1.09106     1.11353  0.00557513
        1459     1.09087     1.11351  0.00557133
        1460     1.09068      1.1135  0.00556754
        1461     1.09049     1.11348  0.00556375
        1462     1.09031     1.11346  0.00555997
        1463     1.09012     1.11345  0.00555619
        1464     1.08995     1.11343  0.00555242
        1465     1.08977     1.11342  0.00554865
        1466     1.08959      1.1134  0.00554489
        1467     1.08941     1.11338  0.00554113
        1468     1.08923     1.11337  0.00553738
        1469     1.08905     1.11335  0.00553364
        1470     1.08887     1.11333   0.0055299
        1471     1.08868     1.11332  0.00552617
        1472     1.08849      1.1133  0.00552244
        1473      1.0883     1.11328  0.00551871
        1474      1.0881     1.11327    0.005515
        1475      1.0879     1.11325  0.00551128
        1476     1.08769     1.11323  0.00550758
        1477     1.08747     1.11321  0.00550388
        1478     1.08725      1.1132  0.00550018
        1479     1.08702     1.11318  0.00549649
        1480     1.08678     1.11316   0.0054928
        1481     1.08654     1.11314  0.00548913
        1482     1.08628     1.11312  0.00548545
        1483     1.08602     1.11311  0.00548178
        1484     1.08575     1.11309  0.00547812
        1485     1.08546     1.11307  0.00547446
        1486     1.08517     1.11305  0.00547081
        1487     1.08486     1.11303  0.00546716
        1488     1.08455     1.11301  0.00546352
        1489     1.08422     1.11299  0.00545989
        1490     1.08388     1.11297  0.00545626
        1491     1.08352     1.11295  0.00545264
        1492     1.08316     1.11293  0.00544902
        1493     1.08278     1.11291  0.00544541
        1494     1.08239     1.11289   0.0054418
        1495     1.08199     1.11287   0.0054382
        1496     1.08157     1.11285   0.0054346
        1497     1.08115     1.11283  0.00543101
        1498      1.0807     1.11281  0.00542743
        1499     1.08025     1.11279  0.00542385
        1500     1.07978     1.11277  0.00542028
        1501     1.07931     1.11274  0.00541672
        1502     1.07882     1.11272  0.00541316
        1503     1.07831      1.1127  0.00540961
        1504      1.0778     1.11267  0.00540606
        1505     1.07728     1.11265  0.00540252
        1506     1.07675     1.11263  0.00539898
        1507      1.0762      1.1126  0.00539545
        1508     1.07565     1.11258  0.00539193
        1509     1.07509     1.11255  0.00538842
        1510     1.07453     1.11253  0.00538491
        1511     1.07395      1.1125   0.0053814
        1512     1.07338     1.11248  0.00537791
        1513     1.07279     1.11245  0.00537442
        1514     1.07221     1.11242  0.00537093
        1515     1.07162      1.1124  0.00536745
        1516     1.07103     1.11237  0.00536398
        1517     1.07044     1.11234  0.00536052
        1518     1.06985     1.11231  0.00535706
        1519     1.06927     1.11229  0.00535361
        1520     1.06869     1.11226  0.00535016
        1521     1.06811     1.11223  0.00534672
        1522     1.06755      1.1122  0.00534329
        1523     1.06699     1.11217  0.00533987
        1524     1.06644     1.11214  0.00533645
        1525      1.0659     1.11211  0.00533303
        1526     1.06538     1.11208  0.00532963
        1527     1.06487     1.11205  0.00532623
        1528     1.06438     1.11202  0.00532283
        1529     1.06391     1.11198  0.00531944
        1530     1.06345     1.11195  0.00531606
        1531     1.06301     1.11192  0.00531268
        1532      1.0626     1.11189  0.00530931
        1533     1.06221     1.11186  0.00530595
        1534     1.06184     1.11182  0.00530259
        1535     1.06149     1.11179  0.00529924
        1536     1.06118     1.11176  0.00529589
        1537     1.06088     1.11173  0.00529255
        1538     1.06061     1.11169  0.00528921
        1539     1.06037     1.11166  0.00528588
        1540     1.06016     1.11163  0.00528255
        1541     1.05997     1.11159  0.00527923
        1542     1.05982     1.11156  0.00527591
        1543     1.05968     1.11152   0.0052726
        1544     1.05958     1.11149  0.00526929
        1545      1.0595     1.11146  0.00526599
        1546     1.05944     1.11142  0.00526269
        1547     1.05942     1.11139   0.0052594
        1548     1.05941     1.11136  0.00525611
        1549     1.05943     1.11132  0.00525282
        1550     1.05948     1.11129  0.00524954
        1551     1.05954     1.11126  0.00524626
        1552     1.05963     1.11122  0.00524299
        1553     1.05973     1.11119  0.00523971
        1554     1.05986     1.11116  0.00523645
        1555     1.05999     1.11112  0.00523318
        1556     1.06015     1.11109  0.00522992
        1557     1.06032     1.11106  0.00522666
        1558      1.0605     1.11103  0.00522341
        1559     1.06069     1.11099  0.00522016
        1560     1.06089     1.11096  0.00521691
        1561      1.0611     1.11093  0.00521367
        1562     1.06131      1.1109  0.00521043
        1563     1.06153     1.11087  0.00520719
        1564     1.06176     1.11083  0.00520395
        1565     1.06198      1.1108  0.00520072
        1566     1.06221     1.11077  0.00519749
        1567     1.06244     1.11074  0.00519427
        1568     1.06267     1.11071  0.00519105
        1569     1.06289     1.11068  0.00518783
        1570     1.06311     1.11065  0.00518461
        1571     1.06333     1.11062   0.0051814
        1572     1.06355     1.11059  0.00517819
        1573     1.06375     1.11056  0.00517498
        1574     1.06395     1.11053  0.00517178
        1575     1.06415      1.1105  0.00516858
        1576     1.06433     1.11047  0.00516538
        1577     1.06451     1.11044  0.00516219
        1578     1.06468     1.11041    0.005159
        1579     1.06484     1.11038  0.00515581
        1580     1.06499     1.11036  0.00515263
        1581     1.06513     1.11033  0.00514945
        1582     1.06526      1.1103  0.00514628
        1583     1.06538     1.11027   0.0051431
        1584     1.06549     1.11024  0.00513993
        1585     1.06559     1.11021  0.00513677
        1586     1.06567     1.11019  0.00513361
        1587     1.06575     1.11016  0.00513045
        1588     1.06581     1.11013  0.00512729
        1589     1.06586      1.1101  0.00512414
        1590      1.0659     1.11007  0.00512099
        1591     1.06593     1.11005  0.00511785
        1592     1.06595     1.11002  0.00511471
        1593     1.06595     1.10999  0.00511158
        1594     1.06594     1.10996  0.00510844
        1595     1.06592     1.10994  0.00510531
        1596     1.06589     1.10991  0.00510219
        1597     1.06585     1.10988  0.00509907
        1598      1.0658     1.10985  0.00509595
        1599     1.06573     1.10983  0.00509284
        1600     1.06566      1.1098  0.00508973
        1601     1.06557     1.10977  0.00508663
        1602     1.06547     1.10974  0.00508353
        1603     1.06536     1.10972  0.00508043
        1604     1.06524     1.10969  0.00507734
        1605     1.06511     1.10966  0.00507425
        1606     1.06497     1.10963  0.00507117
        1607     1.06482      1.1096  0.00506809
        1608     1.06466     1.10958  0.00506502
        1609     1.06449     1.10955  0.00506195
        1610     1.06431     1.10952  0.00505888
        1611     1.06412     1.10949  0.00505582
        1612     1.06393     1.10946  0.00505276
        1613     1.06373     1.10944  0.00504971
        1614     1.06352     1.10941  0.00504666
        1615     1.06331     1.10938  0.00504362
        1616     1.06309     1.10935  0.00504058
        1617     1.06287     1.10932  0.00503754
        1618     1.06264     1.10929  0.00503451
        1619     1.06241     1.10926  0.00503148
        1620     1.06218     1.10923  0.00502846
        1621     1.06195      1.1092  0.00502544
        1622     1.06172     1.10918  0.00502243
        1623     1.06149     1.10915  0.00501942
        1624     1.06126     1.10912  0.00501642
        1625     1.06104     1.10909  0.00501342
        1626     1.06082     1.10906  0.00501042
        1627      1.0606     1.10903  0.00500743
        1628      1.0604       1.109  0.00500445
        1629      1.0602     1.10897  0.00500146
        1630     1.06001     1.10894  0.00499849
        1631     1.05983     1.10891  0.00499551
        1632     1.05967     1.10888  0.00499254
        1633     1.05951     1.10885  0.00498958
        1634     1.05937     1.10882  0.00498661
        1635     1.05925     1.10879  0.00498366
        1636     1.05914     1.10876   0.0049807
        1637     1.05905     1.10873  0.00497775
        1638     1.05898      1.1087  0.00497481
        1639     1.05893     1.10867  0.00497186
        1640      1.0589     1.10863  0.00496892
        1641     1.05889      1.1086  0.00496599
        1642      1.0589     1.10857  0.00496306
        1643     1.05894     1.10854  0.00496013
        1644       1.059     1.10851   0.0049572
        1645     1.05909     1.10848  0.00495428
        1646      1.0592     1.10845  0.00495136
        1647     1.05934     1.10842  0.00494844
        1648      1.0595     1.10839  0.00494553
        1649     1.05969     1.10836  0.00494262
        1650     1.05991     1.10834  0.00493971
        1651     1.06016     1.10831  0.00493681
        1652     1.06043     1.10828   0.0049339
        1653     1.06073     1.10825    0.004931
        1654     1.06106     1.10822   0.0049281
        1655     1.06142     1.10819  0.00492521
        1656     1.06181     1.10816  0.00492231
        1657     1.06222     1.10814  0.00491942
        1658     1.06266     1.10811  0.00491653
        1659     1.06312     1.10808  0.00491364
        1660     1.06361     1.10805  0.00491075
        1661     1.06413     1.10803  0.00490787
        1662     1.06467       1.108  0.00490498
        1663     1.06523     1.10798   0.0049021
        1664     1.06581     1.10795  0.00489922
        1665     1.06642     1.10793  0.00489634
        1666     1.06705      1.1079  0.00489346
        1667     1.06769     1.10788  0.00489059
        1668     1.06836     1.10785  0.00488771
        1669     1.06904     1.10783  0.00488484
        1670     1.06974     1.10781  0.00488197
        1671     1.07046     1.10779   0.0048791
        1672     1.07119     1.10776  0.00487623
        1673     1.07194     1.10774  0.00487336
        1674     1.07269     1.10772   0.0048705
        1675     1.07346      1.1077  0.00486763
        1676     1.07425     1.10768  0.00486477
        1677     1.07504     1.10766  0.00486191
        1678     1.07584     1.10764  0.00485904
        1679     1.07664     1.10762  0.00485619
        1680     1.07746     1.10761  0.00485333
        1681     1.07828     1.10759  0.00485047
        1682      1.0791     1.10757  0.00484762
        1683     1.07993     1.10756  0.00484477
        1684     1.08076     1.10754  0.00484192
        1685     1.08159     1.10752  0.00483907
        1686     1.08242     1.10751  0.00483622
        1687     1.08326     1.10749  0.00483337
        1688     1.08409     1.10748  0.00483053
        1689     1.08492     1.10747  0.00482769
        1690     1.08575     1.10745  0.00482485
        1691     1.08657     1.10744  0.00482201
        1692      1.0874     1.10743  0.00481918
        1693     1.08822     1.10742  0.00481634
        1694     1.08903     1.10741  0.00481351
        1695     1.08984      1.1074  0.00481068
        1696     1.09065     1.10739  0.00480786
        1697     1.09145     1.10738  0.00480503
        1698     1.09224     1.10737  0.00480221
        1699     1.09302     1.10736  0.00479939
        1700      1.0938     1.10735  0.00479658
        1701     1.09458     1.10735  0.00479376
        1702     1.09534     1.10734  0.00479095
        1703      1.0961     1.10733  0.00478814
        1704     1.09685     1.10733  0.00478534
        1705     1.09759     1.10732  0.00478253
        1706     1.09832     1.10731  0.00477973
        1707     1.09905     1.10731  0.00477693
        1708     1.09976     1.10731  0.00477414
        1709     1.10047      1.1073  0.00477135
        1710     1.10116      1.1073  0.00476856
        1711     1.10185     1.10729  0.00476577
        1712     1.10253     1.10729  0.00476299
        1713      1.1032     1.10729  0.00476021
        1714     1.10386     1.10729  0.00475743
        1715     1.10451     1.10729  0.00475466
        1716     1.10515     1.10728  0.00475189
        1717     1.10578     1.10728  0.00474912
        1718      1.1064     1.10728  0.00474636
        1719       1.107     1.10728   0.0047436
        1720      1.1076     1.10728  0.00474084
        1721     1.10819     1.10728  0.00473808
        1722     1.10877     1.10728  0.00473533
        1723     1.10934     1.10729  0.00473258
        1724      1.1099     1.10729  0.00472984
        1725     1.11044     1.10729   0.0047271
        1726     1.11098     1.10729  0.00472436
        1727      1.1115     1.10729  0.00472162
        1728     1.11201      1.1073  0.00471889
        1729     1.11251      1.1073  0.00471616
        1730       1.113      1.1073  0.00471344
        1731     1.11348     1.10731  0.00471072
        1732     1.11394     1.10731    0.004708
        1733     1.11439     1.10731  0.00470528
        1734     1.11483     1.10732  0.00470257
        1735     1.11526     1.10732  0.00469986
        1736     1.11567     1.10733  0.00469716
        1737     1.11606     1.10733  0.00469446
        1738     1.11645     1.10734  0.00469176
        1739     1.11681     1.10734  0.00468907
        1740     1.11717     1.10735  0.00468637
        1741      1.1175     1.10736  0.00468369
        1742     1.11782     1.10736    0.004681
        1743     1.11812     1.10737  0.00467832
        1744     1.11841     1.10737  0.00467564
        1745     1.11868     1.10738  0.00467297
        1746     1.11893     1.10739  0.00467029
        1747     1.11916     1.10739  0.00466763
        1748     1.11937      1.1074  0.00466496
        1749     1.11956     1.10741   0.0046623
        1750     1.11973     1.10741  0.00465964
        1751     1.11988     1.10742  0.00465698
        1752     1.12001     1.10743  0.00465433
        1753     1.12011     1.10744  0.00465168
        1754     1.12019     1.10744  0.00464904
        1755     1.12024     1.10745  0.00464639
        1756     1.12027     1.10746  0.00464375
        1757     1.12027     1.10747  0.00464112
        1758     1.12025     1.10747  0.00463848
        1759      1.1202     1.10748  0.00463585
        1760     1.12012     1.10749  0.00463322
        1761     1.12001     1.10749   0.0046306
        1762     1.11988      1.1075  0.00462797
        1763     1.11972     1.10751  0.00462535
        1764     1.11952     1.10751  0.00462274
        1765      1.1193     1.10752  0.00462012
        1766     1.11904     1.10753  0.00461751
        1767     1.11875     1.10753   0.0046149
        1768     1.11843     1.10754   0.0046123
        1769     1.11808     1.10755  0.00460969
        1770      1.1177     1.10755  0.00460709
        1771     1.11728     1.10756  0.00460449
        1772     1.11682     1.10756   0.0046019
        1773     1.11634     1.10757   0.0045993
        1774     1.11582     1.10757  0.00459671
        1775     1.11526     1.10758  0.00459413
        1776     1.11468     1.10758  0.00459154
        1777     1.11405     1.10758  0.00458896
        1778      1.1134     1.10759  0.00458638
        1779     1.11271     1.10759   0.0045838
        1780     1.11198     1.10759  0.00458123
        1781     1.11123      1.1076  0.00457866
        1782     1.11044      1.1076  0.00457609
        1783     1.10961      1.1076  0.00457352
        1784     1.10876      1.1076  0.00457096
        1785     1.10787      1.1076   0.0045684
        1786     1.10695      1.1076  0.00456584
        1787       1.106      1.1076  0.00456328
        1788     1.10503      1.1076  0.00456073
        1789     1.10402     1.10759  0.00455818
        1790     1.10298     1.10759  0.00455564
        1791     1.10192     1.10759  0.00455309
        1792     1.10084     1.10758  0.00455055
        1793     1.09973     1.10758  0.00454802
        1794      1.0986     1.10758  0.00454549
        1795     1.09745     1.10757  0.00454296
        1796     1.09628     1.10756  0.00454043
        1797     1.09509     1.10756  0.00453791
        1798     1.09388     1.10755  0.00453539
        1799     1.09266     1.10754  0.00453288
        1800     1.09143     1.10753  0.00453037
        1801     1.09018     1.10752  0.00452787
        1802     1.08893     1.10751  0.00452536
        1803     1.08767      1.1075  0.00452287
        1804     1.08641     1.10749  0.00452038
        1805     1.08514     1.10748  0.00451789
        1806     1.08387     1.10746  0.00451541
        1807      1.0826     1.10745  0.00451293
        1808     1.08133     1.10744  0.00451046
        1809     1.08007     1.10742  0.00450799
        1810     1.07882      1.1074  0.00450552
        1811     1.07757     1.10739  0.00450307
        1812     1.07634     1.10737  0.00450061
        1813     1.07512     1.10735  0.00449817
        1814     1.07391     1.10733  0.00449572
        1815     1.07272     1.10732  0.00449329
        1816     1.07155      1.1073  0.00449086
        1817      1.0704     1.10728  0.00448843
        1818     1.06927     1.10725  0.00448601
        1819     1.06816     1.10723   0.0044836
        1820     1.06708     1.10721  0.00448119
        1821     1.06602     1.10719  0.00447878
        1822     1.06499     1.10716  0.00447639
        1823     1.06399     1.10714  0.00447399
        1824     1.06301     1.10712  0.00447161
        1825     1.06207     1.10709  0.00446922
        1826     1.06115     1.10707  0.00446685
        1827     1.06027     1.10704  0.00446447
        1828     1.05942     1.10702  0.00446211
        1829     1.05859     1.10699  0.00445975
        1830      1.0578     1.10696  0.00445739
        1831     1.05704     1.10693  0.00445504
        1832     1.05631     1.10691  0.00445269
        1833     1.05562     1.10688  0.00445035
        1834     1.05495     1.10685  0.00444802
        1835     1.05431     1.10682  0.00444568
        1836      1.0537     1.10679  0.00444336
        1837     1.05312     1.10676  0.00444103
        1838     1.05256     1.10673  0.00443872
        1839     1.05204      1.1067   0.0044364
        1840     1.05153     1.10668  0.00443409
        1841     1.05105     1.10664  0.00443179
        1842     1.05059     1.10661  0.00442949
        1843     1.05015     1.10658  0.00442719
        1844     1.04973     1.10655  0.00442489
        1845     1.04933     1.10652   0.0044226
        1846     1.04894     1.10649  0.00442032
        1847     1.04857     1.10646  0.00441804
        1848      1.0482     1.10643  0.00441576
        1849     1.04785      1.1064  0.00441348
        1850      1.0475     1.10636  0.00441121
        1851     1.04716     1.10633  0.00440895
        1852     1.04683      1.1063  0.00440668
        1853      1.0465     1.10627  0.00440442
        1854     1.04616     1.10624  0.00440217
        1855     1.04583      1.1062  0.00439991
        1856     1.04549     1.10617  0.00439766
        1857     1.04514     1.10614  0.00439542
        1858     1.04478      1.1061  0.00439318
        1859     1.04442     1.10607  0.00439094
        1860     1.04404     1.10604  0.00438871
        1861     1.04365       1.106  0.00438648
        1862     1.04324     1.10597  0.00438425
        1863     1.04282     1.10594  0.00438203
        1864     1.04237      1.1059  0.00437981
        1865     1.04191     1.10587  0.00437759
        1866     1.04142     1.10583  0.00437539
        1867     1.04092      1.1058  0.00437318
        1868     1.04038     1.10576  0.00437098
        1869     1.03982     1.10573  0.00436878
        1870     1.03924     1.10569  0.00436659
        1871     1.03863     1.10566   0.0043644
        1872     1.03799     1.10562  0.00436222
        1873     1.03732     1.10558  0.00436005
        1874     1.03662     1.10555  0.00435787
        1875     1.03589     1.10551  0.00435571
        1876     1.03513     1.10547  0.00435355
        1877     1.03434     1.10544  0.00435139
        1878     1.03352      1.1054  0.00434925
        1879     1.03267     1.10536   0.0043471
        1880     1.03179     1.10532  0.00434497
        1881     1.03087     1.10528  0.00434284
        1882     1.02993     1.10524  0.00434071
        1883     1.02896      1.1052   0.0043386
        1884     1.02796     1.10516  0.00433649
        1885     1.02693     1.10512  0.00433439
        1886     1.02587     1.10507  0.00433229
        1887     1.02479     1.10503  0.00433021
        1888     1.02368     1.10499  0.00432813
        1889     1.02255     1.10495  0.00432606
        1890      1.0214      1.1049  0.00432399
        1891     1.02022     1.10486  0.00432194
        1892     1.01902     1.10481  0.00431989
        1893     1.01781     1.10476  0.00431785
        1894     1.01658     1.10472  0.00431582
        1895     1.01533     1.10467  0.00431381
        1896     1.01407     1.10462  0.00431179
        1897      1.0128     1.10457  0.00430979
        1898     1.01152     1.10453   0.0043078
        1899     1.01023     1.10448  0.00430582
        1900     1.00894     1.10443  0.00430385
        1901     1.00764     1.10438  0.00430188
        1902     1.00634     1.10432  0.00429993
        1903     1.00505     1.10427  0.00429799
        1904     1.00375     1.10422  0.00429605
        1905     1.00246     1.10417  0.00429413
        1906     1.00118     1.10411  0.00429222
        1907    0.999912     1.10406  0.00429032
        1908    0.998652       1.104  0.00428842
        1909    0.997406     1.10395  0.00428654
        1910    0.996175     1.10389  0.00428467
        1911    0.994962     1.10383   0.0042828
        1912    0.993769     1.10377  0.00428095
        1913    0.992597     1.10372  0.00427911
        1914    0.991448     1.10366  0.00427727
        1915    0.990325      1.1036  0.00427545
        1916    0.989229     1.10354  0.00427363
        1917    0.988161     1.10348  0.00427183
        1918    0.987124     1.10342  0.00427003
        1919    0.986119     1.10336  0.00426824
        1920    0.985148      1.1033  0.00426647
        1921    0.984212     1.10323   0.0042647
        1922    0.983311     1.10317  0.00426293
        1923    0.982449     1.10311  0.00426118
        1924    0.981625     1.10304  0.00425943
        1925     0.98084     1.10298  0.00425769
        1926    0.980096     1.10292  0.00425596
        1927    0.979394     1.10285  0.00425423
        1928    0.978734     1.10279  0.00425251
        1929    0.978117     1.10272   0.0042508
        1930    0.977544     1.10266  0.00424909
        1931    0.977015     1.10259  0.00424739
        1932    0.976531     1.10253  0.00424569
        1933    0.976091     1.10246    0.004244
        1934    0.975697      1.1024  0.00424231
        1935    0.975348     1.10233  0.00424063
        1936    0.975045     1.10227  0.00423895
        1937    0.974787      1.1022  0.00423727
        1938    0.974575     1.10214  0.00423559
        1939    0.974409     1.10207  0.00423392
        1940    0.974289       1.102  0.00423225
        1941    0.974213     1.10194  0.00423058
        1942    0.974181     1.10187  0.00422892
        1943    0.974193     1.10181  0.00422725
        1944    0.974248     1.10174  0.00422559
        1945    0.974347     1.10168  0.00422392
        1946    0.974486     1.10161  0.00422226
        1947    0.974666     1.10154  0.00422059
        1948    0.974885     1.10148  0.00421892
        1949    0.975143     1.10141  0.00421726
        1950    0.975438     1.10135  0.00421559
        1951    0.975769     1.10129  0.00421392
        1952    0.976134     1.10122  0.00421225
        1953    0.976533     1.10116  0.00421058
        1954    0.976964     1.10109   0.0042089
        1955    0.977425     1.10103  0.00420722
        1956    0.977915     1.10097  0.00420554
        1957    0.978431     1.10091  0.00420386
        1958    0.978973     1.10084  0.00420218
        1959    0.979539     1.10078  0.00420049
        1960    0.980127     1.10072  0.00419879
        1961    0.980735     1.10066   0.0041971
        1962     0.98136      1.1006   0.0041954
        1963    0.982001     1.10054   0.0041937
        1964    0.982656     1.10048  0.00419199
        1965    0.983324     1.10042  0.00419028
        1966    0.984002     1.10036  0.00418857
        1967    0.984688      1.1003  0.00418685
        1968    0.985382     1.10024  0.00418513
        1969    0.986081     1.10018  0.00418341
        1970    0.986784     1.10013  0.00418168
        1971    0.987489     1.10007  0.00417995
        1972    0.988195     1.10001  0.00417822
        1973      0.9889     1.09996  0.00417648
        1974    0.989602      1.0999  0.00417474
        1975    0.990301     1.09984  0.00417299
        1976    0.990996     1.09979  0.00417124
        1977    0.991684     1.09973  0.00416949
        1978    0.992366     1.09968  0.00416774
        1979    0.993041     1.09963  0.00416598
        1980    0.993706     1.09957  0.00416422
        1981    0.994363     1.09952  0.00416245
        1982     0.99501     1.09947  0.00416069
        1983    0.995647     1.09941  0.00415892
        1984    0.996273     1.09936  0.00415715
        1985    0.996888     1.09931  0.00415537
        1986    0.997492     1.09926   0.0041536
        1987    0.998085     1.09921  0.00415182
        1988    0.998667     1.09916  0.00415004
        1989    0.999237     1.09911  0.00414826
        1990    0.999797     1.09906  0.00414647
        1991     1.00035     1.09901  0.00414469
        1992     1.00088     1.09896   0.0041429
        1993     1.00141     1.09891  0.00414111
        1994     1.00193     1.09886  0.00413932
        1995     1.00244     1.09881  0.00413753
        1996     1.00295     1.09877  0.00413573
        1997     1.00344     1.09872  0.00413394
        1998     1.00393     1.09867  0.00413214
        1999     1.00441     1.09862  0.00413034
        2000     1.00489     1.09858  0.00412854
