      -0.0444916        -1.87433          1.6328
       0.0961018        0.200706        0.451743
         1.43332       -0.503927        -1.85985
        -2.18903        -1.45987        -1.29274
       -0.663794        -1.85003       -0.842618
        0.540089       -0.929484       -0.663588
       -0.187606       -0.775497        0.767576
        0.224353         2.22882       -0.429559
         1.59122        0.123765         1.08538
         1.01134        0.438721        0.435711
       0.0600997        -1.17626       0.0225321
       -0.409327         0.64202       -0.817722
        -2.01562       -0.248758        0.675092
        0.137639       -0.819724        -1.59764
       -0.693102        0.219565        -1.22753
        0.964721        0.936703         2.49538
         0.71261          0.9657        0.553632
         1.23782        -1.42834        -0.99755
       0.0319946       -0.191887       -0.693319
         1.33222        -1.15803          1.6406
        0.251381       -0.528475        -1.49257
         1.44339         1.36851       -0.556254
       -0.661684        0.794903         2.21298
        0.579298        -2.26791        -1.15415
         -1.2274       -0.289567       0.0856144
       -0.685228       -0.961737         1.56621
       -0.522276       -0.545355        0.395251
        -1.91508        0.465951         0.82313
       -0.737092        -0.50813        -1.91597
        -2.33109       -0.628234      -0.0809234
         1.03797       -0.127612       -0.191863
       -0.411297       0.0341683        -0.26327
         1.44078       -0.381361       0.0110936
         -0.1669        -1.85815        0.672515
       -0.430636       -0.496965        -2.20685
        -1.56656         0.91828       -0.317469
        0.327545       -0.685935         1.13084
        -0.69226        -1.29321        0.895067
         1.59277       -0.901834         1.96018
        0.298334       -0.274659         1.54638
       -0.855729        0.265931        0.109901
        0.437065         2.33285       -0.340671
        -2.36272           1.358       -0.384969
          2.4417        0.505083         1.34184
       -0.279062         1.24618          1.9396
         2.43644        0.675994       -0.136023
        0.651886         0.76241        -0.08364
        0.722844         1.02649         1.52398
        -2.31091       -0.792116      -0.0669602
        0.465348        -1.54238         1.28269
        -2.04715       -0.517084        0.984452
         1.78935      -0.0632235       -0.842149
         1.93803       -0.630801       -0.746384
        0.981574         1.21319        -1.72142
         1.33901       -0.107733        -1.07889
       -0.485335       -0.398823         1.37777
        -1.16272        0.518156        -1.96546
        -1.15771         -2.4361      -0.0263356
          0.4097        -2.65985          0.6983
       -0.381625          1.0296        -1.76086
       -0.694904       -0.504208       -0.897802
          2.2675        -0.39918       -0.320084
        0.650302        -1.32473        0.820673
       -0.847638         2.35446       -0.940971
        -0.45876        -1.00593         2.05777
        -1.32088       -0.526613         1.52936
        0.596043       -0.753211        -1.57929
        -2.35895       0.0503371       -0.640799
       -0.231285       -0.707551        0.115839
        -1.12543         1.43602         0.19804
        0.807864        0.683605        0.148148
       -0.409391        0.490683        -0.98058
        0.605599       -0.608202        -1.68687
        0.511806        -1.83073        0.989771
        -0.93701        0.765428      -0.0811862
       -0.796375       -0.361733        -2.28817
         1.19309       0.0481648         -1.6051
        -1.46347         1.25345        0.308943
       -0.227375       0.0120006        0.856434
         1.01406         1.68036        -0.38722
         -0.6776         1.48947       -0.769497
         1.28404        0.707486        0.325642
        0.938854        0.738107        0.843086
        -1.25412       -0.633113       -0.603281
       -0.751173        0.713231        0.745567
       -0.313645         0.79589        0.569717
        0.780815       -0.329589        0.195468
        0.930213         1.08247        -2.00214
        0.192003        0.636999       -0.919224
        0.875792        0.903091      0.00597823
        -2.21062       -0.536874         3.08503
        -1.54057       -0.999717        -1.11108
          1.3577         1.16921        0.301609
        0.489835         1.03235        0.557594
        0.369626       -0.153911       -0.522702
         1.39907        0.364299          1.3516
        0.284272         0.14049        0.549357
       -0.216812         0.17407       -0.242319
        -1.57891       -0.116525         1.74141
        -0.64451        0.992521        -1.29554
        -1.05633        -0.14214         1.16855
        0.680131         1.46841        -1.91722
        0.881926         1.46983         1.08879
         0.49669        0.976001       -0.180447
         1.85439       0.0882283        -1.14406
         1.74598        0.695713         -1.3749
       -0.512977       -0.656813        0.951252
         -1.9434        0.220061        0.421775
