39.7349
34.8731
30.5274
28.2872
26.9718
26.5499
25.158
23.1582
22.2835
21.0529
20.4616
19.822
18.7642
18.0501
17.8204
17.3614
16.6879
14.851
13.9495
13.6073
13.5985
13.4901
13.1667
12.777
12.1095
10.9765
10.7119
10.6054
10.3531
9.45406
8.70178
8.63722
8.55685
8.5347
8.5218
8.5218
8.5218
8.5218
8.52175
8.51998
8.51259
8.50103
8.49933
8.49933
8.49933
8.49933
8.49933
8.49933
8.49933
8.49933
8.49933
8.49933
8.49825
8.45914
8.39514
8.3911
8.3911
8.3911
8.3911
8.38931
8.51038
8.36792
8.21198
8.21198
8.21198
8.21198
8.21198
8.21198
8.21198
8.21198
8.21198
8.21198
8.21198
8.21198
8.21198
8.21039
8.14741
8.0533
8.04737
8.04029
8.01106
7.95697
7.95093
7.95093
7.95093
7.95093
7.95093
7.95093
7.95093
7.95093
7.95093
7.95093
7.95093
7.95093
7.95093
7.95093
7.95093
7.95093
7.95093
7.95093
7.95093
7.95093
7.95093
7.95093
7.95093
7.95093
7.95093
7.95093
7.95093
7.95093
7.95093
7.95093
7.95093
7.95093
7.95093
7.95093
7.95093
7.95093
7.95093
7.95093
7.95093
7.95093
7.95093
7.95093
7.95093
7.95093
7.95093
7.95093
7.95093
7.95093
7.95093
7.95093
7.95093
7.95093
7.95093
7.95093
7.95093
7.95093
7.95093
7.95093
7.95093
7.95093
7.95093
7.95093
7.95093
7.95093
7.95093
7.95093
7.95093
7.95093
7.95093
7.95093
7.95093
7.95093
7.95093
7.95093
7.95093
7.95093
7.95093
7.95093
7.95093
7.95093
7.95093
7.95093
7.95093
7.95093
7.95093
7.95093
7.95093
7.95093
7.95093
7.95093
7.95093
7.95093
7.95093
7.95093
7.95093
7.95093
7.95093
7.95093
7.95093
7.95093
7.95093
7.95093
7.95093
7.95093
7.95093
7.95093
7.95093
7.95093
7.95093
7.95093
7.95093
7.95093
7.95093
7.95093
7.95093
7.95093
7.95093
7.95093
7.95093
7.95093
7.95093
7.95093
7.95093
7.95093
7.95093
7.95093
7.95093
7.95093
7.95093
7.95093
7.95093
7.95093
7.95093
7.95093
7.95093
7.95093
7.95093
7.95093
7.95093
7.95093
7.95093
7.95093
7.95093
7.95093
7.95093
7.95093
7.95093
7.95093
7.95093
7.95093
7.95093
7.95093
7.95093
7.95093
7.95093
7.95093
7.95093
7.95093
7.95093
7.95093
7.95093
7.95093
7.95093
7.95093
7.95093
7.95093
7.95093
7.95093
7.95093
7.95093
7.95093
7.95093
7.95093
7.95093
7.95093
7.95093
7.95093
7.95093
7.95093
7.95093
7.95093
7.95093
7.95093
7.95093
7.95093
7.95093
7.95093
7.95093
7.95093
7.95093
7.95093
7.95093
7.95093
7.95093
7.95093
7.95093
7.95093
7.95093
7.95093
7.95093
7.95093
7.95093
7.95093
7.95093
7.95093
7.95093
7.95093
7.95093
7.95093
7.95093
7.95093
7.95093
7.95093
7.95093
7.95093
7.95093
7.95093
7.95093
7.95093
