31.8631
30.0496
24.6816
24.0327
22.9402
21.741
20.9705
20.0714
19.8462
19.5
17.6135
17.6135
17.3495
17.322
16.7544
16.4735
16.4625
16.1559
15.7613
15.3421
15.3297
15.0774
14.4061
13.7148
13.2371
13.053
12.9796
12.7882
11.9289
11.9047
11.5106
11.5106
11.2131
11.0849
10.9362
10.9362
10.7593
10.7593
10.7479
10.7439
10.6135
10.4328
10.2284
10.2284
10.2284
10.0113
9.97971
9.74637
9.54296
9.30962
9.10731
8.23944
8.23944
8.23944
8.23944
8.13878
8.13121
8.13121
8.13121
8.13121
8.11474
8.11474
8.11474
8.11322
8.11322
8.11312
8.11312
8.11312
8.11312
8.11312
8.10181
7.86498
7.85362
7.85362
7.85362
7.85362
7.85362
7.85362
7.85362
7.85362
7.85362
7.85362
7.6513
7.6513
7.6513
7.6513
7.6513
7.6513
7.6513
7.6513
7.6513
7.6513
7.6513
7.6513
7.6513
7.6513
7.6513
7.6513
7.6513
7.6513
7.6513
7.6513
7.6513
7.63138
7.63138
7.63138
7.63138
7.63138
7.63138
7.63138
7.63138
7.63138
7.63138
7.63138
7.63138
7.63138
7.63138
7.63138
7.63138
7.63138
7.63138
7.63138
7.63138
7.63138
7.63138
6.29878
6.29878
6.29878
6.29878
6.29878
6.29878
6.29878
6.29878
6.29878
6.29878
6.29878
6.29878
6.29878
6.29878
6.29878
6.29878
6.29878
6.29878
6.29878
6.29878
6.29878
6.29878
6.29878
6.29878
6.29878
6.29878
6.29878
6.29878
6.29878
6.29878
6.29878
6.29878
6.29878
6.29878
6.29878
6.29878
6.29878
6.29878
6.29878
6.29878
6.29878
6.29878
6.29878
6.29878
6.29878
6.29878
6.29878
6.29878
6.29878
6.29878
6.24306
6.24306
6.24306
6.24306
6.24306
6.24306
6.24306
6.24306
6.24306
6.24306
6.24306
6.24306
6.24306
6.24306
6.24306
6.24306
6.24306
6.24306
6.24306
6.24306
6.24306
6.24306
6.24306
6.24306
6.24306
6.24306
6.24306
6.24306
6.24306
6.24306
6.24306
6.24306
6.24306
6.24306
6.24306
6.24306
6.24306
6.24306
6.24306
6.24306
6.24306
6.24306
6.24306
6.24306
6.24306
6.24306
6.24306
6.24306
6.24306
6.24306
6.24306
6.24306
6.24306
6.24306
6.24306
6.24306
6.24306
6.24306
6.24306
6.24306
6.24306
6.24306
6.24306
6.24306
6.24306
6.24306
6.24306
6.24306
6.24306
6.24306
6.24306
6.24306
6.24306
6.24306
6.24306
6.24306
6.24306
6.24306
6.24306
6.24306
6.24306
6.24306
6.24306
6.24306
6.24306
6.24306
6.24306
6.24306
6.24306
6.24306
6.24306
6.24306
6.24306
6.24306
6.24306
6.24306
6.24306
6.24306
6.24306
6.24306
6.24306
6.24306
6.24306
6.24306
6.24306
6.24306
6.24306
6.24306
6.24306
6.24306
6.24306
6.24306
6.24306
6.24306
6.24306
6.24306
6.24306
6.24306
6.24306
6.24306
6.24306
6.24306
6.24306
6.24306
6.24306
6.24306
6.24306
6.24306
6.24306
6.24306
6.24306
6.24306
6.24306
6.24306
6.24306
6.24306
6.24306
6.24306
6.24306
6.24306
6.24306
6.24306
6.24306
6.24306
6.24306
6.24306
6.24306
6.24306
6.24306
6.24306
6.24306
6.24306
6.24306
6.24306
6.24306
6.24306
6.24306
6.24306
6.24306
6.24306
6.24306
6.24306
6.24306
6.24306
6.24306
6.24306
6.24306
6.24306
6.24306
6.24306
6.24306
6.24306
6.24306
6.24306
6.24306
6.24306
6.24306
6.24306
6.24306
6.24306
6.24306
6.24306
6.24306
6.24306
6.24306
6.24306
6.24306
6.24306
6.24306
6.24306
6.24306
6.24306
6.24306
6.24306
6.24306
6.24306
6.24306
6.24306
6.24306
6.24306
6.24306
6.24306
6.24306
6.24306
6.24306
6.24306
6.24306
6.24306
6.24306
6.24306
6.24306
6.24306
6.24306
6.24306
6.24306
6.24306
6.24306
6.24306
6.24306
6.24306
6.24306
6.24306
6.24306
6.24306
6.24306
6.24306
6.24306
6.24306
6.24306
6.24306
6.24306
6.24306
6.24306
6.24306
6.24306
6.24306
6.24306
6.24306
6.24306
6.24306
6.24306
6.24306
6.24306
6.24306
6.24306
6.24306
6.24306
6.24306
6.24306
6.24306
6.24306
6.24306
6.24306
6.24306
6.24306
6.24306
6.24306
6.24306
6.24306
6.24306
6.24306
6.24306
6.24306
6.24306
6.24306
6.24306
6.24306
6.24306
6.24306
6.24306
6.24306
6.24306
6.24306
6.24306
6.24306
6.24306
6.24306
6.24306
6.24306
6.24306
6.24306
6.24306
6.24306
6.24306
6.24306
6.24306
6.24306
6.24306
6.24306
6.24306
6.24306
6.24306
6.24306
6.24306
6.24306
6.24306
6.24306
6.24306
6.24306
6.24306
6.24306
6.24306
6.24306
6.24306
6.24306
6.24306
6.24306
6.24306
6.24306
6.24306
6.24306
6.24306
6.24306
6.24306
6.24306
6.24306
6.24306
6.24306
6.24306
6.24306
6.24306
6.24306
6.24306
6.24306
6.24306
6.24306
