2 0.744419 0.546973 -0.285835 0.00562491
1.994 0.744419 0.546973 -0.285835 0.00562491
1.98802 0.741508 0.106054 -0.0213292 0.00625868
1.98205 1.13393 0.437123 -0.0132337 0.020559
1.97611 1.18889 0.643781 0.408576 0.0384896
1.97018 0.701559 0.269689 -0.0495743 0.00671516
1.96427 1.06364 0.146411 -0.229686 0.00921047
1.95838 1.21144 0.625371 0.431996 0.039897
1.9525 0.867374 0.186224 -0.202547 0.005231
1.94664 0.83472 0.105726 -0.148743 0.00536361
1.9408 0.604449 0.167297 0.249882 0.00882821
1.93498 1.07654 0.261641 -0.212195 0.0108574
1.92918 0.710032 0.259146 -0.0394599 0.00651619
1.92339 0.520286 0.577693 -0.218621 0.00482568
1.91762 0.520286 0.577693 -0.218621 0.00482568
1.91187 0.520286 0.577693 -0.218621 0.00482568
1.90613 0.784547 0.833454 -0.280775 0.0104393
1.90041 0.784547 0.833454 -0.280775 0.0104393
1.89471 0.703717 0.823228 -0.385679 0.00599928
1.88903 0.703717 0.823228 -0.385679 0.00599928
1.88336 1.15352 0.606516 0.142886 0.025883
1.87771 1.58649 0.154879 1.79911 0.086971
1.87208 1.58649 0.154879 1.79911 0.086971
1.86646 1.58649 0.154879 1.79911 0.086971
1.86086 1.45955 0.333202 1.14617 0.0662574
1.85528 1.52996 0.370762 1.55849 0.0803061
1.84971 1.52996 0.370762 1.55849 0.0803061
1.84416 1.33231 -0.0445061 0.254331 0.0288444
1.83863 1.33231 -0.0445061 0.254331 0.0288444
1.83311 1.25476 0.0230545 0.0358758 0.0230788
1.82762 1.25476 0.0230545 0.0358758 0.0230788
1.82213 1.03002 0.0242186 -0.253255 0.0104913
1.81667 1.03386 -0.0803321 -0.253719 0.00700151
1.81122 1.07024 -0.0256027 -0.225952 0.00942189
1.80578 0.98257 -0.42993 -0.228589 0.0106736
1.80036 1.11375 -0.748161 0.356172 0.0313693
1.79496 0.848158 -0.506732 -0.27251 0.00653911
1.78958 0.641879 -0.220528 0.123372 0.00768398
1.78421 0.339972 -0.372355 0.622536 0.0132186
1.77886 0.339972 -0.372355 0.622536 0.0132186
1.77352 0.780192 -0.260847 -0.137976 0.0056489
1.7682 0.742969 -0.0212217 -0.0126665 0.00661307
1.7629 0.950538 0.331976 -0.246767 0.00852145
1.75761 0.9191 0.105903 -0.220958 0.00578225
1.75233 0.9191 0.105903 -0.220958 0.00578225
1.74708 1.03133 -0.160844 -0.251582 0.00806514
1.74184 1.07149 0.137936 -0.218075 0.0105236
1.73661 0.939764 0.398923 -0.262407 0.00697571
1.7314 0.833705 0.329781 -0.215819 0.00575587
1.72621 0.900958 0.571948 -0.272523 0.00755392
1.72103 0.893485 0.939667 0.135862 0.0209558
1.71586 0.893485 0.939667 0.135862 0.0209558
1.71072 1.09786 0.63038 0.0900139 0.0296511
1.70559 0.676283 0.853697 -0.407916 0.00512749
1.70047 0.441451 1.08599 0.15982 0.0078982
1.69537 0.383491 1.01195 0.446337 0.0142881
1.69028 0.383491 1.01195 0.446337 0.0142881
1.68521 0.383491 1.01195 0.446337 0.0142881
1.68015 0.476517 0.850745 -0.186637 0.00795181
1.67511 0.476517 0.850745 -0.186637 0.00795181
1.67009 0.321815 0.949662 1.1367 0.0258113
1.66508 0.0155755 0.721766 -nan -nan
1.66008 -0.104182 0.33515 22.8696 0.402994
1.6551 -0.475301 0.718234 -0.21048 0.00752245
1.65014 -0.555377 0.39898 0.0415386 0.00671142
1.64519 -0.582435 0.791427 -0.430523 0.0026984
1.64025 -0.582435 0.791427 -0.430523 0.0026984
1.63533 -0.716125 0.791059 -0.385074 0.00571367
1.63042 -0.929543 1.05659 0.628542 0.0342376
1.62553 -0.537091 0.900374 -0.337601 0.00445856
1.62066 -0.537091 0.900374 -0.337601 0.00445856
1.61579 -0.769783 0.7595 -0.334962 0.0079013
1.61095 -0.520387 1.13004 0.0357498 0.00472145
1.60611 -0.768164 1.1378 0.407134 0.020316
1.6013 -0.768164 1.1378 0.407134 0.020316
1.59649 -0.92303 0.767324 -0.100779 0.0182122
1.5917 -0.811525 1.05072 0.213661 0.0208147
1.58693 -0.811525 1.05072 0.213661 0.0208147
1.58217 -0.758114 0.665124 -0.353523 0.00479919
1.57742 -1.00724 0.896914 0.348454 0.0307106
1.57269 -1.08658 0.812541 0.402778 0.0350285
1.56797 -0.971841 1.03684 0.825868 0.039424
1.56327 -1.31554 0.83833 1.66686 0.0855938
1.55858 -1.32301 0.770258 1.5121 0.0822614
1.5539 -1.32301 0.770258 1.5121 0.0822614
1.54924 -1.59517 0.409431 2.43291 0.116012
1.54459 -1.44202 0.782508 2.24408 0.0894357
1.53996 -1.24977 0.893412 1.39034 0.0642624
1.53534 -1.41217 0.860757 2.33192 0.102647
1.53073 -1.41217 0.860757 2.33192 0.102647
1.52614 -1.30077 0.949137 2.08533 0.0825228
1.52156 -1.1513 0.977014 1.30001 0.0531214
1.517 -1.1513 0.977014 1.30001 0.0531214
1.51245 -0.984676 0.843827 0.155904 0.0257622
1.50791 -0.984676 0.843827 0.155904 0.0257622
1.50338 -0.723309 1.02616 -0.0779795 0.0136971
1.49887 -0.45842 0.83988 -0.0899679 0.00928145
1.49438 -0.520328 0.658259 -0.308144 0.00483032
1.48989 -0.520328 0.658259 -0.308144 0.00483032
1.48542 -0.520328 0.658259 -0.308144 0.00483032
1.48097 -0.520328 0.658259 -0.308144 0.00483032
1.47653 -0.653373 0.447034 -0.149979 0.00516903
1.4721 -0.676723 0.440521 -0.160501 0.0052017
1.46768 -0.648111 0.411465 -0.107805 0.00547842
1.46328 -0.648111 0.411465 -0.107805 0.00547842
1.45889 -0.294617 0.632321 1.79674 0.0325064
1.45451 -0.310712 0.937564 1.3377 0.0278132
1.45015 -0.459045 0.835139 -0.106946 0.00893785
1.4458 -0.459045 0.835139 -0.106946 0.00893785
1.44146 -0.459045 0.835139 -0.106946 0.00893785
1.43713 -0.645158 0.954443 -0.339186 0.00574891
1.43282 -0.645158 0.954443 -0.339186 0.00574891
1.42852 -0.542709 0.869516 -0.366498 0.00395625
1.42424 -0.28207 1.08353 1.76657 0.0363159
1.41997 -0.28207 1.08353 1.76657 0.0363159
1.41571 -0.368251 1.38565 1.33911 0.0179125
1.41146 -0.368251 1.38565 1.33911 0.0179125
1.40722 -0.0293612 1.70827 -nan -nan
1.403 -0.1485 1.36554 10.6713 0.215098
1.39879 -0.1485 1.36554 10.6713 0.215098
1.3946 -0.337446 1.18452 1.00303 0.0212899
1.39041 -0.378825 1.24603 0.752775 0.0149587
1.38624 -0.594124 1.17257 0.159783 0.0104666
1.38208 -0.594124 1.17257 0.159783 0.0104666
1.37794 -0.897387 0.882021 0.0184589 0.017444
1.3738 -1.04872 0.784567 0.201232 0.0273495
1.36968 -1.07651 0.459904 -0.120662 0.0156399
1.36557 -0.892152 0.684946 -0.248934 0.009812
1.36148 -0.899449 0.505251 -0.278425 0.00762177
1.35739 -0.899449 0.505251 -0.278425 0.00762177
1.35332 -0.954591 0.762715 -0.010803 0.0217722
1.34926 -1.01 0.852691 0.269197 0.0303283
1.34521 -0.897228 0.920878 0.107791 0.0225675
1.34118 -0.978617 0.778824 0.0328251 0.0205946
1.33715 -1.1886 0.534631 0.159728 0.0270541
1.33314 -1.1886 0.534631 0.159728 0.0270541
1.32914 -1.1886 0.534631 0.159728 0.0270541
1.32516 -1.1247 0.715396 0.300667 0.0296525
1.32118 -0.879489 0.755653 -0.199179 0.01232
1.31722 -0.879489 0.755653 -0.199179 0.01232
1.31326 -0.879489 0.755653 -0.199179 0.01232
1.30932 -0.879489 0.755653 -0.199179 0.01232
1.3054 -1.1204 0.513547 -0.0119131 0.0209509
1.30148 -1.37763 0.577448 0.918969 0.0491876
1.29758 -1.37387 0.374385 0.691495 0.0512658
1.29368 -1.44395 0.118876 0.772573 0.0478394
1.2898 -1.29994 -0.0953507 0.263294 0.0339418
1.28593 -1.02559 0.0170633 -0.253896 0.00731166
1.28207 -1.03131 0.242504 -0.220661 0.0117136
1.27823 -0.953066 0.558995 -0.207365 0.0123807
1.27439 -1.22892 0.2502 0.0505723 0.0237859
1.27057 -1.47758 -0.0431861 1.01308 0.0637192
1.26676 -1.47758 -0.0431861 1.01308 0.0637192
1.26296 -1.30772 0.153792 0.217588 0.032733
1.25917 -1.35035 -0.0398945 0.34246 0.0417573
1.25539 -1.35035 -0.0398945 0.34246 0.0417573
1.25163 -1.25959 -0.015832 0.0673791 0.0288288
1.24787 -0.981857 -0.000176647 -0.249685 0.00632057
1.24413 -0.896865 -0.275062 -0.231547 0.00573806
1.2404 -0.77388 -0.354104 -0.177507 0.00517817
1.23667 -0.637638 -0.0880794 0.217361 0.00869413
1.23296 -0.729052 -0.265442 -0.0696016 0.00598889
1.22927 -0.506117 -0.177763 0.561252 0.0116601
1.22558 -0.506117 -0.177763 0.561252 0.0116601
1.2219 -0.506117 -0.177763 0.561252 0.0116601
1.21824 -0.783604 -0.0743111 -0.0743838 0.00574021
1.21458 -0.90051 -0.37597 -0.247132 0.0065515
1.21094 -0.654347 -0.49364 -0.206351 0.00448401
1.2073 -0.672233 -0.4181 -0.129315 0.00523994
1.20368 -0.672233 -0.4181 -0.129315 0.00523994
1.20007 -0.889383 -0.224071 -0.224006 0.00557464
1.19647 -0.949289 -0.4117 -0.259452 0.0079081
1.19288 -0.850083 -0.567307 -0.289482 0.00724594
1.1893 -0.857866 -0.611878 -0.280165 0.00832859
1.18573 -0.592492 -0.321864 0.103422 0.00758067
1.18218 -0.692405 -0.129339 0.0788662 0.00705454
1.17863 -0.692405 -0.129339 0.0788662 0.00705454
1.1751 -0.573078 -0.261515 0.243677 0.00850674
1.17157 -0.669433 -0.47016 -0.184992 0.00483776
1.16806 -0.490684 -0.369228 0.216043 0.00772497
1.16455 -0.584475 -0.414594 -0.0340495 0.00631129
1.16106 -0.584475 -0.414594 -0.0340495 0.00631129
1.15757 -0.813031 -0.426363 -0.244414 0.00496221
1.1541 -0.885528 -0.174339 -0.214046 0.00521214
1.15064 -1.15621 0.084965 -0.134587 0.0180924
1.14719 -1.29449 -0.198982 0.239282 0.0327731
1.14375 -1.54193 -0.0860656 1.44742 0.0696092
1.14031 -1.28397 -0.148026 0.106738 0.0248862
1.13689 -1.50861 0.0927427 1.15687 0.0681856
1.13348 -1.29313 0.214619 0.22121 0.0279845
1.13008 -1.16345 0.326727 -0.0370806 0.0198737
1.12669 -1.38667 0.379811 0.700206 0.0512214
1.12331 -1.26057 0.243003 0.0973919 0.0274577
1.11994 -1.10059 0.121057 -0.188266 0.0136843
1.11658 -0.899655 0.0676506 -0.213413 0.0056533
1.11323 -1.13871 0.131861 -0.136477 0.0172297
1.10989 -1.30262 0.106189 0.137767 0.0243171
1.10656 -1.03463 0.378529 -0.21426 0.0106367
1.10324 -0.950531 0.377156 -0.250221 0.0083899
1.09993 -0.928815 0.166735 -0.235261 0.00595544
1.09663 -1.14113 -0.0191292 -0.176414 0.0135477
1.09334 -1.12034 -0.140718 -0.178086 0.0131098
1.09006 -1.12034 -0.140718 -0.178086 0.0131098
1.08679 -1.01593 -0.343078 -0.23399 0.00885786
1.08353 -0.812518 -0.59951 -0.303885 0.00572417
1.08028 -0.885449 -0.373057 -0.245678 0.00646082
1.07704 -0.794653 -0.447595 -0.24908 0.00484994
1.07381 -0.72707 -0.566392 -0.301483 0.00460662
1.07059 -0.906959 -0.357222 -0.252578 0.00580794
1.06738 -0.972602 -0.57536 -0.183216 0.015304
1.06418 -0.923982 -0.422188 -0.261314 0.00680812
1.06098 -1.11843 -0.241858 -0.141022 0.0158735
1.0578 -1.11843 -0.241858 -0.141022 0.0158735
1.05463 -0.914505 -0.430131 -0.273412 0.00617094
1.05146 -0.906346 -0.520453 -0.270114 0.0100726
1.04831 -0.965659 -0.710873 -0.0862333 0.017422
1.04516 -0.965659 -0.710873 -0.0862333 0.017422
1.04203 -0.874395 -0.507905 -0.273435 0.00681162
1.0389 -1.09146 -0.405506 -0.112953 0.0172119
1.03579 -0.833443 -0.367969 -0.237231 0.00590566
1.03268 -0.833443 -0.367969 -0.237231 0.00590566
1.02958 -1.01192 -0.322623 -0.234641 0.0115372
1.02649 -1.03829 -0.0668059 -0.24836 0.00807678
1.02341 -0.867447 -0.0770223 -0.180355 0.00561337
1.02034 -0.727006 -0.00151957 0.00943605 0.00699996
1.01728 -0.505609 0.036793 0.699696 0.01247
1.01423 -0.526821 -0.109861 0.559129 0.0119763
1.01119 -0.347615 -0.11576 1.69104 0.0254488
1.00815 -0.484604 0.0296847 0.794023 0.0147073
1.00513 -0.345954 -0.0589649 1.88192 0.0278058
1.00211 -0.375611 -0.0508157 1.57249 0.0230796
0.999106 -0.589839 -0.0545126 0.359348 0.00994
0.996109 -0.360742 0.136583 1.48126 0.0231419
0.99312 -0.473656 0.00227148 0.87188 0.0149118
0.990141 -0.473656 0.00227148 0.87188 0.0149118
0.987171 -0.473656 0.00227148 0.87188 0.0149118
0.984209 -0.633687 -0.19166 0.164684 0.0080967
0.981256 -0.52775 -0.283324 0.309111 0.00898164
0.978313 -0.621729 -0.325847 0.0494133 0.00671277
0.975378 -0.621729 -0.325847 0.0494133 0.00671277
0.972452 -0.651785 -0.376755 -0.0677979 0.0061597
0.969534 -0.651785 -0.376755 -0.0677979 0.0061597
0.966626 -0.449261 -0.508889 0.00280432 0.00692521
0.963726 -0.322747 -0.520972 0.921598 0.0233023
0.960835 -0.410842 -0.74707 0.181223 0.0133555
0.957952 -0.410842 -0.74707 0.181223 0.0133555
0.955078 -0.520627 -0.726256 -0.343081 0.0050775
0.952213 -0.576593 -0.641779 -0.345923 0.00306867
0.949356 -0.576593 -0.641779 -0.345923 0.00306867
0.946508 -0.456589 -0.78993 -0.121793 0.00954098
0.943669 -0.456589 -0.78993 -0.121793 0.00954098
0.940838 -0.55681 -0.789778 -0.414522 0.00350644
0.938015 -0.752978 -0.886697 -0.269781 0.0114785
0.935201 -0.754484 -0.776497 -0.353096 0.00691471
0.932396 -0.754484 -0.776497 -0.353096 0.00691471
0.929598 -0.595225 -0.897417 -0.397161 0.00349189
0.92681 -0.595225 -0.897417 -0.397161 0.00349189
0.924029 -0.40292 -0.667839 0.179082 0.0131529
0.921257 -0.40292 -0.667839 0.179082 0.0131529
0.918493 -0.615054 -0.649064 -0.36586 0.00264538
0.915738 -0.701068 -0.859544 -0.375067 0.00665582
0.912991 -0.852699 -0.656856 -0.278709 0.00928189
0.910252 -0.852699 -0.656856 -0.278709 0.00928189
0.907521 -0.851092 -0.453363 -0.249173 0.00693955
0.904798 -0.818884 -0.421552 -0.241521 0.00494778
0.902084 -0.813901 -0.600244 -0.297816 0.00652525
0.899378 -0.736073 -0.438324 -0.217555 0.00483983
0.89668 -0.557293 -0.537088 -0.20333 0.00452964
0.89399 -0.477521 -0.712595 -0.230678 0.00758543
0.891308 -0.463337 -0.638855 -0.156027 0.00774594
0.888634 -0.537143 -0.797279 -0.378318 0.00422339
0.885968 -0.468187 -0.834132 -0.157432 0.00815548
0.88331 -0.528083 -0.734607 -0.359875 0.00466391
0.88066 -0.621221 -0.734718 -0.431419 0.0021957
0.878018 -0.59933 -0.782988 -0.441385 0.00236853
0.875384 -0.536415 -0.616186 -0.293606 0.00410302
0.872758 -0.472941 -0.606246 -0.165937 0.00691619
0.870139 -0.472941 -0.606246 -0.165937 0.00691619
0.867529 -0.401381 -0.69545 0.234475 0.0139626
0.864926 -0.358636 -0.527806 0.464862 0.0160861
0.862332 -0.402892 -0.331414 0.519192 0.00979009
0.859745 -0.402892 -0.331414 0.519192 0.00979009
0.857165 -0.465288 -0.309043 0.428227 0.00946971
0.854594 -0.539599 -0.267697 0.30869 0.00932247
0.85203 -0.447616 -0.370661 0.29127 0.00841392
0.849474 -0.447616 -0.370661 0.29127 0.00841392
0.846926 -0.447616 -0.370661 0.29127 0.00841392
0.844385 -0.447616 -0.370661 0.29127 0.00841392
0.841852 -0.276973 -0.42549 1.49656 0.0343578
0.839326 -0.276973 -0.42549 1.49656 0.0343578
0.836808 -0.276973 -0.42549 1.49656 0.0343578
0.834298 -0.268867 -0.52003 2.18957 0.0396208
0.831795 -0.268867 -0.52003 2.18957 0.0396208
0.829299 -0.279519 -0.330137 1.14596 0.0232963
0.826812 -0.392613 -0.243236 0.881835 0.0136911
0.824331 -0.486051 -0.42638 0.0779028 0.00680968
0.821858 -0.545392 -0.406345 0.039343 0.00631067
0.819393 -0.534783 -0.435718 -0.00862727 0.00614083
0.816934 -0.717801 -0.325924 -0.103131 0.00568999
0.814484 -0.669096 -0.473109 -0.186854 0.00494531
0.81204 -0.619608 -0.579599 -0.286254 0.00349079
0.809604 -0.487976 -0.758871 -0.261723 0.00730522
0.807175 -0.487976 -0.758871 -0.261723 0.00730522
0.804754 -0.487976 -0.758871 -0.261723 0.00730522
0.802339 -0.585562 -0.931541 -0.377575 0.00319365
0.799932 -0.697923 -1.00088 -0.186698 0.0112305
0.797533 -0.734572 -0.952129 -0.207435 0.011374
0.79514 -0.734572 -0.952129 -0.207435 0.011374
0.792755 -0.734572 -0.952129 -0.207435 0.011374
0.790376 -0.787448 -1.0951 0.302541 0.0233831
0.788005 -0.787448 -1.0951 0.302541 0.0233831
0.785641 -0.810741 -1.07759 0.304154 0.0229993
0.783284 -0.833625 -1.01386 0.161447 0.0204398
0.780934 -0.833625 -1.01386 0.161447 0.0204398
0.778592 -0.833625 -1.01386 0.161447 0.0204398
0.776256 -0.829345 -0.842226 -0.19146 0.0120493
0.773927 -0.947763 -0.750414 -0.0731872 0.0192045
0.771605 -0.994618 -0.770423 0.0621552 0.0231395
0.76929 -0.994618 -0.770423 0.0621552 0.0231395
0.766983 -1.16944 -0.759459 0.549917 0.0385092
0.764682 -1.10793 -0.693053 0.221289 0.0299348
0.762388 -1.10793 -0.693053 0.221289 0.0299348
0.7601 -1.10238 -0.645985 0.125048 0.0252674
0.75782 -1.23391 -0.65777 0.644385 0.0615302
0.755547 -1.23141 -0.704016 0.728824 0.0505121
0.75328 -1.23141 -0.704016 0.728824 0.0505121
0.75102 -1.11698 -0.723904 0.237883 0.0274736
0.748767 -1.06445 -0.636218 0.0679221 0.0245619
0.746521 -0.939244 -0.693449 -0.143874 0.0152899
0.744281 -0.880397 -0.538403 -0.27089 0.00788686
0.742048 -0.937264 -0.5874 -0.241708 0.00970869
0.739822 -0.937264 -0.5874 -0.241708 0.00970869
0.737603 -0.820955 -0.711156 -0.301494 0.00844969
0.73539 -0.648153 -0.860829 -0.419827 0.00418241
0.733184 -0.560642 -0.93433 -0.342502 0.00368458
0.730984 -0.420288 -0.858199 0.133811 0.0119763
0.728791 -0.509719 -1.0014 -0.173169 0.00488877
0.726605 -0.511015 -1.06798 -0.0691044 0.00438623
0.724425 -0.502384 -1.18578 0.220726 0.00586358
0.722252 -0.502384 -1.18578 0.220726 0.00586358
0.720085 -0.502384 -1.18578 0.220726 0.00586358
0.717925 -0.502384 -1.18578 0.220726 0.00586358
0.715771 -0.497652 -1.24878 0.419536 0.00742016
0.713624 -0.497652 -1.24878 0.419536 0.00742016
0.711483 -0.536336 -1.25282 0.430004 0.00977042
0.709348 -0.536336 -1.25282 0.430004 0.00977042
0.70722 -0.536336 -1.25282 0.430004 0.00977042
0.705099 -0.386561 -1.1371 0.527728 0.0127004
0.702983 -0.386561 -1.1371 0.527728 0.0127004
0.700874 -0.386561 -1.1371 0.527728 0.0127004
0.698772 -0.386561 -1.1371 0.527728 0.0127004
0.696676 -0.391868 -1.10767 0.444731 0.0124149
0.694586 -0.391868 -1.10767 0.444731 0.0124149
0.692502 -0.391868 -1.10767 0.444731 0.0124149
0.690424 -0.468966 -1.15782 0.199254 0.00573168
0.688353 -0.58597 -1.04961 -0.180074 0.005727
0.686288 -0.7367 -0.961503 -0.218469 0.0109534
0.684229 -0.7367 -0.961503 -0.218469 0.0109534
0.682176 -0.845927 -1.00672 0.232541 0.0247918
0.68013 -0.845927 -1.00672 0.232541 0.0247918
0.678089 -0.678067 -1.03686 -0.142027 0.0100636
0.676055 -0.709391 -1.15106 0.28547 0.0172175
0.674027 -0.709391 -1.15106 0.28547 0.0172175
0.672005 -0.730094 -1.05095 0.00427737 0.0142607
0.669989 -0.730094 -1.05095 0.00427737 0.0142607
0.667979 -0.754933 -0.887716 -0.285102 0.0100561
0.665975 -0.754933 -0.887716 -0.285102 0.0100561
0.663977 -0.60365 -0.948956 -0.35001 0.00439522
0.661985 -0.60365 -0.948956 -0.35001 0.00439522
0.659999 -0.758183 -1.09177 0.18097 0.0194352
0.658019 -0.603716 -1.06447 -0.150705 0.00818025
0.656045 -0.603716 -1.06447 -0.150705 0.00818025
0.654077 -0.603716 -1.06447 -0.150705 0.00818025
0.652115 -0.457095 -1.12796 0.1814 0.00592185
0.650158 -0.457095 -1.12796 0.1814 0.00592185
0.648208 -0.516393 -1.07328 -0.077864 0.00431127
0.646263 -0.516393 -1.07328 -0.077864 0.00431127
0.644325 -0.516393 -1.07328 -0.077864 0.00431127
0.642392 -0.507823 -1.18649 0.206344 0.00621101
0.640464 -0.507823 -1.18649 0.206344 0.00621101
0.638543 -0.507823 -1.18649 0.206344 0.00621101
0.636627 -0.626619 -1.10214 -0.0346457 0.00934977
0.634717 -0.626619 -1.10214 -0.0346457 0.00934977
0.632813 -0.538777 -0.973661 -0.273254 0.00381322
0.630915 -0.538777 -0.973661 -0.273254 0.00381322
0.629022 -0.582319 -1.11599 -0.0232747 0.00753087
0.627135 -0.449706 -1.08213 0.127158 0.00684741
0.625254 -0.57126 -1.1853 0.185216 0.00878945
0.623378 -0.474884 -1.1977 0.274572 0.00601475
0.621508 -0.474884 -1.1977 0.274572 0.00601475
0.619643 -0.541057 -1.12287 0.00197234 0.00536528
0.617784 -0.689405 -1.06995 -1.97401e-05 0.014658
0.615931 -0.622846 -0.947253 -0.357598 0.00454956
0.614083 -0.622846 -0.947253 -0.357598 0.00454956
0.612241 -0.634423 -0.90433 -0.390704 0.00511018
0.610404 -0.527727 -0.756529 -0.358343 0.00470702
0.608573 -0.522891 -0.739749 -0.359058 0.00473505
0.606747 -0.418581 -0.817197 0.130877 0.0129091
0.604927 -0.433164 -0.838086 0.0388585 0.0113378
0.603112 -0.387365 -0.915591 0.399466 0.0157182
0.601303 -0.387365 -0.915591 0.399466 0.0157182
0.599499 -0.349075 -0.908516 0.818215 0.0207826
0.597701 -0.402943 -0.781484 0.235379 0.0148083
0.595907 -0.504229 -0.660155 -0.272942 0.00525969
0.59412 -0.482116 -0.772581 -0.247014 0.00751321
0.592337 -0.59194 -0.777626 -0.43444 0.00274336
0.59056 -0.704144 -0.8332 -0.380221 0.0078716
0.588789 -0.785693 -0.77638 -0.311234 0.00932708
0.587022 -0.64172 -0.827043 -0.438952 0.00340982
0.585261 -0.683366 -0.681504 -0.386542 0.0032193
0.583505 -0.823335 -0.745717 -0.260587 0.011435
0.581755 -0.896194 -0.876758 -0.00947311 0.0198584
0.58001 -0.760964 -0.937585 -0.184985 0.0126532
0.57827 -0.784683 -0.824027 -0.290736 0.0089602
0.576535 -0.848389 -0.763477 -0.234538 0.01433
0.574805 -0.862802 -0.670449 -0.265187 0.0100449
0.573081 -0.958062 -0.55469 -0.213848 0.0130247
0.571362 -0.907997 -0.639972 -0.242434 0.0102112
0.569647 -0.846263 -0.754345 -0.251387 0.010235
0.567939 -0.852898 -0.758023 -0.252992 0.00974707
0.566235 -0.875757 -0.754832 -0.192927 0.014171
0.564536 -0.98224 -0.77504 0.0141197 0.0223353
0.562842 -1.1134 -0.649884 0.160615 0.0264384
0.561154 -1.00153 -0.647848 -0.0888887 0.0186123
0.55947 -1.05801 -0.638258 -0.000169788 0.020766
0.557792 -1.08771 -0.544685 -0.0276717 0.0226547
0.556119 -1.08771 -0.544685 -0.0276717 0.0226547
0.55445 -1.05633 -0.652889 0.028914 0.0227817
0.552787 -1.1799 -0.693413 0.445445 0.0409034
0.551129 -1.16392 -0.581891 0.176474 0.0277978
0.549475 -1.21866 -0.470996 0.181447 0.0300118
0.547827 -1.20428 -0.544863 0.165994 0.0262294
0.546183 -1.13543 -0.640001 0.182273 0.0273245
0.544545 -1.05228 -0.744374 0.151241 0.0268452
0.542911 -1.01567 -0.618395 -0.109585 0.0150472
0.541282 -1.14675 -0.665486 0.253196 0.0288596
0.539658 -1.16685 -0.75079 0.54149 0.0380661
0.53804 -1.20743 -0.631452 0.417009 0.0397145
0.536425 -1.20743 -0.631452 0.417009 0.0397145
0.534816 -1.15495 -0.561789 0.17047 0.0281055
0.533212 -1.11319 -0.642791 0.207963 0.0324735
0.531612 -1.08112 -0.596121 0.0344672 0.0261165
0.530017 -1.08112 -0.596121 0.0344672 0.0261165
0.528427 -1.09545 -0.576051 -0.0166692 0.0192564
0.526842 -1.0753 -0.460601 -0.127626 0.0151751
0.525261 -0.980514 -0.518854 -0.21949 0.0107153
0.523686 -0.901303 -0.591941 -0.258085 0.0101179
0.522115 -0.935647 -0.486072 -0.257371 0.00782869
0.520548 -1.00747 -0.431936 -0.234523 0.0109128
0.518987 -0.983796 -0.553603 -0.193102 0.0129963
0.51743 -1.10473 -0.633715 0.0992712 0.0251685
0.515877 -1.04057 -0.666108 -0.0133104 0.0203105
0.51433 -0.989941 -0.696902 -0.0837292 0.0166731
0.512787 -0.912785 -0.811175 -0.0385945 0.0207224
0.511248 -0.900963 -0.746507 -0.168053 0.0153058
0.509715 -0.900963 -0.746507 -0.168053 0.0153058
0.508185 -1.01135 -0.735248 0.0378274 0.0237051
0.506661 -0.924383 -0.850381 0.0309414 0.0193873
0.505141 -0.951489 -0.866436 0.104326 0.0224599
0.503625 -0.855107 -0.912392 -0.0546622 0.0158125
0.502115 -0.846651 -0.974447 0.0877811 0.0217139
0.500608 -0.857746 -0.999163 0.223894 0.0240166
0.499106 -0.733815 -0.924295 -0.265029 0.0092703
0.497609 -0.778518 -0.978083 -0.0381827 0.0169482
0.496116 -0.810319 -0.87188 -0.196817 0.0142041
0.494628 -0.776168 -0.906348 -0.227256 0.010906
0.493144 -0.660936 -0.987088 -0.25127 0.00874952
0.491665 -0.660936 -0.987088 -0.25127 0.00874952
0.49019 -0.649441 -0.977909 -0.301249 0.0068525
0.488719 -0.618899 -0.950662 -0.352814 0.00450112
0.487253 -0.547614 -0.930119 -0.325492 0.00370435
0.485791 -0.474714 -1.02776 -0.0311938 0.0063091
0.484334 -0.541308 -1.14729 0.0626221 0.00594154
0.482881 -0.589291 -1.0619 -0.164369 0.00584533
0.481432 -0.532026 -0.951014 -0.287494 0.00425108
0.479988 -0.584087 -0.970222 -0.321389 0.00425687
0.478548 -0.658983 -0.931013 -0.350727 0.00622006
0.477112 -0.719406 -0.865445 -0.344207 0.00887005
0.475681 -0.63649 -0.917856 -0.37902 0.00462066
0.474254 -0.734254 -0.838779 -0.349133 0.00748371
0.472831 -0.823128 -0.867396 -0.166021 0.0146422
0.471413 -0.848693 -0.837987 -0.175504 0.0132885
0.469998 -0.907608 -0.781986 -0.13087 0.014796
0.468588 -0.993326 -0.825744 0.115369 0.0226226
0.467183 -1.00538 -0.71986 -0.0131706 0.0224645
0.465781 -0.90323 -0.68348 -0.233168 0.010658
0.464384 -0.90323 -0.68348 -0.233168 0.010658
0.462991 -0.90323 -0.68348 -0.233168 0.010658
0.461602 -1.0046 -0.647748 -0.0808642 0.0215225
0.460217 -0.930791 -0.546246 -0.236191 0.0105088
0.458836 -0.947619 -0.6484 -0.205779 0.012162
0.45746 -0.947806 -0.618699 -0.193462 0.0131334
0.456087 -1.04384 -0.543596 -0.115021 0.0175289
0.454719 -1.10438 -0.43293 -0.0816854 0.0167289
0.453355 -1.13631 -0.434941 -0.0299871 0.0224348
0.451995 -1.15975 -0.533505 0.139129 0.0250517
0.450639 -1.15975 -0.533505 0.139129 0.0250517
0.449287 -1.13872 -0.440903 -0.0356455 0.0191603
0.447939 -1.16282 -0.409542 0.0223182 0.024987
0.446595 -1.18704 -0.382107 0.0386045 0.0239408
0.445255 -1.19018 -0.405305 0.0621849 0.0255582
0.44392 -1.2685 -0.481505 0.335109 0.0345945
0.442588 -1.31904 -0.425571 0.490618 0.0550334
0.44126 -1.34957 -0.353283 0.434876 0.0354542
0.439936 -1.42159 -0.380943 0.941144 0.0539993
0.438616 -1.42159 -0.380943 0.941144 0.0539993
0.437301 -1.48988 -0.325337 1.20532 0.0692054
0.435989 -1.49249 -0.289499 1.31613 0.0719041
0.434681 -1.49617 -0.211914 1.09369 0.0629546
0.433377 -1.41286 -0.200242 0.719014 0.0497864
0.432077 -1.36303 -0.173483 0.472531 0.041353
0.43078 -1.36303 -0.173483 0.472531 0.041353
0.429488 -1.43349 -0.143605 0.864591 0.0686473
0.4282 -1.4358 -0.175067 0.816534 0.0540877
0.426915 -1.40008 -0.21535 0.657624 0.0577968
0.425634 -1.33281 -0.211058 0.349592 0.035226
0.424357 -1.32145 -0.116421 0.212571 0.0291869
0.423084 -1.21762 -0.119529 -0.0515594 0.0205122
0.421815 -1.28854 -0.200353 0.221738 0.0332506
0.42055 -1.22649 -0.153756 0.0354476 0.0239107
0.419288 -1.15887 -0.224222 -0.0873851 0.0215458
0.41803 -1.1601 -0.16079 -0.119257 0.0196918
0.416776 -1.23528 -0.13315 0.0301595 0.0261761
0.415526 -1.25044 -0.223144 0.0966769 0.0259948
0.414279 -1.29497 -0.320795 0.298352 0.0367714
0.413036 -1.29497 -0.320795 0.298352 0.0367714
0.411797 -1.32595 -0.276564 0.264004 0.0292635
0.410562 -1.32595 -0.276564 0.264004 0.0292635
0.40933 -1.27095 -0.258098 0.147611 0.026079
0.408102 -1.29457 -0.341652 0.306771 0.0365757
0.406878 -1.2821 -0.26771 0.169939 0.0273646
0.405657 -1.24995 -0.277285 0.121562 0.0260143
0.40444 -1.24995 -0.277285 0.121562 0.0260143
0.403227 -1.24995 -0.277285 0.121562 0.0260143
0.402017 -1.19541 -0.307999 0.000366452 0.0218325
0.400811 -1.19541 -0.307999 0.000366452 0.0218325
0.399609 -1.17907 -0.310604 -0.0135058 0.023729
0.39841 -1.17907 -0.310604 -0.0135058 0.023729
0.397215 -1.17907 -0.310604 -0.0135058 0.023729
0.396023 -1.08024 -0.253858 -0.196408 0.0118558
0.394835 -1.02431 -0.327138 -0.215131 0.0104872
0.39365 -1.06258 -0.417884 -0.158881 0.0197562
0.392469 -1.06258 -0.417884 -0.158881 0.0197562
0.391292 -1.1048 -0.477931 -0.0273222 0.0276562
0.390118 -1.10098 -0.505507 -0.0464399 0.0224962
0.388948 -1.07044 -0.457981 -0.141117 0.0152712
0.387781 -1.08036 -0.399936 -0.152623 0.0154245
0.386618 -1.02478 -0.407849 -0.213672 0.0119089
0.385458 -1.07322 -0.357186 -0.189247 0.0141014
0.384301 -0.994429 -0.3355 -0.240886 0.00930434
0.383148 -1.02712 -0.241046 -0.249229 0.00766088
0.381999 -1.01078 -0.248887 -0.254364 0.00693708
0.380853 -1.05821 -0.328332 -0.224731 0.00969249
0.37971 -1.03066 -0.255062 -0.228612 0.0102411
0.378571 -1.09024 -0.324117 -0.164616 0.0165411
0.377436 -1.09024 -0.324117 -0.164616 0.0165411
0.376303 -1.10818 -0.245512 -0.180035 0.0122984
0.375174 -1.11264 -0.29778 -0.127564 0.0173708
0.374049 -1.14549 -0.264574 -0.102102 0.0170342
0.372927 -1.16146 -0.179486 -0.110901 0.0178442
0.371808 -1.09237 -0.224712 -0.191745 0.0131426
0.370693 -1.03224 -0.158362 -0.232111 0.0089934
0.36958 -0.980727 -0.173082 -0.250521 0.00662527
0.368472 -1.01429 -0.158558 -0.238044 0.00841019
0.367366 -1.0555 -0.0864445 -0.24267 0.00984318
0.366264 -1.00226 -0.0558319 -0.249319 0.00634172
0.365165 -1.03544 -0.0147183 -0.245268 0.0101551
0.36407 -0.96688 -0.0344688 -0.247341 0.0064617
0.362978 -1.02616 -0.0971451 -0.248051 0.00872453
0.361889 -0.989512 -0.112231 -0.246342 0.00720395
0.360803 -0.989512 -0.112231 -0.246342 0.00720395
0.359721 -1.07786 -0.11224 -0.24018 0.00880795
0.358642 -1.01958 -0.060906 -0.245332 0.00796497
0.357566 -0.956804 0.0155028 -0.246013 0.00514603
0.356493 -0.919667 -0.0131275 -0.233402 0.00533406
0.355423 -0.889759 -0.0542987 -0.205869 0.00536694
0.354357 -0.944663 -0.137438 -0.228897 0.00598362
0.353294 -0.897969 -0.169006 -0.216915 0.00523808
0.352234 -0.883571 -0.186031 -0.21946 0.00511468
0.351177 -0.926773 -0.273647 -0.2449 0.00757377
0.350124 -0.905519 -0.220862 -0.225372 0.00551268
0.349074 -0.86446 -0.296542 -0.233452 0.00554575
0.348026 -0.925361 -0.251139 -0.247021 0.00661901
0.346982 -0.880346 -0.174983 -0.2167 0.00511685
0.345941 -0.870399 -0.201302 -0.209449 0.00511144
0.344904 -0.945591 -0.273021 -0.254766 0.00562175
0.343869 -0.948181 -0.303121 -0.261708 0.00709481
0.342837 -1.02469 -0.23653 -0.243855 0.00926902
0.341809 -1.02684 -0.29928 -0.232558 0.00895785
0.340783 -1.02684 -0.29928 -0.232558 0.00895785
0.339761 -0.952467 -0.313876 -0.252319 0.00716247
0.338742 -0.932317 -0.233019 -0.256741 0.00582936
0.337725 -0.989707 -0.288657 -0.250411 0.00780463
0.336712 -0.956663 -0.3287 -0.266879 0.00595879
0.335702 -0.939331 -0.324559 -0.254473 0.00654329
0.334695 -0.928362 -0.345065 -0.257384 0.00673566
0.333691 -0.928362 -0.345065 -0.257384 0.00673566
0.33269 -0.97537 -0.270851 -0.259077 0.00654803
0.331692 -0.989445 -0.248889 -0.261136 0.00667221
0.330697 -0.989445 -0.248889 -0.261136 0.00667221
0.329705 -0.919393 -0.260081 -0.242612 0.00603616
0.328715 -0.891774 -0.272566 -0.230454 0.00545572
0.327729 -0.825928 -0.297185 -0.195081 0.00566973
0.326746 -0.854511 -0.29812 -0.227559 0.00518384
0.325766 -0.93414 -0.297839 -0.244893 0.00656719
0.324789 -0.992301 -0.330831 -0.250792 0.0082402
0.323814 -0.969551 -0.333836 -0.256261 0.00744242
0.322843 -0.892232 -0.310802 -0.239236 0.00602123
0.321874 -0.902532 -0.380358 -0.258804 0.00587891
0.320909 -0.979344 -0.396771 -0.25354 0.00903339
0.319946 -0.920687 -0.475643 -0.238132 0.0105315
0.318986 -0.903602 -0.518236 -0.270306 0.00788966
0.318029 -0.932775 -0.565506 -0.240204 0.0134687
0.317075 -0.962284 -0.517657 -0.219198 0.0112254
0.316124 -0.903726 -0.454333 -0.271841 0.00674718
0.315175 -0.873149 -0.390415 -0.258902 0.00525267
0.31423 -0.904165 -0.452912 -0.270436 0.00616856
0.313287 -0.872542 -0.481506 -0.268909 0.00662001
0.312347 -0.862995 -0.440688 -0.263911 0.00600764
0.31141 -0.830099 -0.370168 -0.230756 0.0051242
0.310476 -0.832912 -0.444572 -0.257733 0.00538392
0.309545 -0.776983 -0.472459 -0.248246 0.00484148
0.308616 -0.747323 -0.487124 -0.253044 0.00457427
0.30769 -0.79897 -0.528391 -0.277517 0.00619696
0.306767 -0.73682 -0.499591 -0.258858 0.0045366
0.305847 -0.718014 -0.524285 -0.272306 0.00430919
0.304929 -0.64621 -0.529509 -0.243839 0.00396503
0.304014 -0.677082 -0.468571 -0.189121 0.00488303
0.303102 -0.688325 -0.537884 -0.271931 0.00407857
0.302193 -0.73441 -0.549358 -0.288176 0.00529849
0.301287 -0.682118 -0.486681 -0.215905 0.0045969
0.300383 -0.642087 -0.531131 -0.244619 0.00426649
0.299482 -0.675712 -0.484566 -0.209002 0.00452629
0.298583 -0.654873 -0.458515 -0.158523 0.00524265
0.297687 -0.59749 -0.510918 -0.1858 0.00453448
0.296794 -0.663607 -0.574097 -0.304265 0.00357658
0.295904 -0.720228 -0.621737 -0.341978 0.00409039
0.295016 -0.730422 -0.577747 -0.311126 0.00434849
0.294131 -0.666711 -0.513699 -0.232973 0.00445939
0.293249 -0.665942 -0.473293 -0.189042 0.00464257
0.292369 -0.675572 -0.412332 -0.122226 0.00562451
0.291492 -0.641875 -0.363182 -0.029889 0.00603486
0.290617 -0.641875 -0.363182 -0.029889 0.00603486
0.289746 -0.573985 -0.303127 0.172096 0.0078624
0.288876 -0.580926 -0.368779 0.0473288 0.00681104
0.28801 -0.630359 -0.367133 -0.0172218 0.00641228
0.287146 -0.665055 -0.406138 -0.119146 0.00574299
0.286284 -0.705588 -0.449139 -0.190848 0.00479632
0.285425 -0.703142 -0.513571 -0.255316 0.00427061
0.284569 -0.691541 -0.49632 -0.231017 0.00445496
0.283715 -0.670371 -0.505828 -0.231226 0.00437971
0.282864 -0.710988 -0.501751 -0.242429 0.00443609
0.282016 -0.739399 -0.504979 -0.260989 0.00475022
0.28117 -0.680498 -0.457961 -0.179884 0.00502074
0.280326 -0.7313 -0.464707 -0.229181 0.0046235
0.279485 -0.746065 -0.529598 -0.277071 0.00486493
0.278647 -0.751227 -0.564045 -0.302517 0.00494286
0.277811 -0.688733 -0.567627 -0.303951 0.00362729
0.276977 -0.641187 -0.508117 -0.21021 0.00456033
0.276146 -0.667385 -0.538044 -0.25998 0.00400394
0.275318 -0.615812 -0.585755 -0.298407 0.00355543
0.274492 -0.558142 -0.540844 -0.209773 0.00443928
0.273668 -0.505169 -0.507236 -0.0944275 0.00534198
0.272847 -0.437598 -0.575344 -0.0426462 0.0087164
0.272029 -0.437598 -0.575344 -0.0426462 0.0087164
0.271213 -0.404228 -0.584551 0.158379 0.0118884
0.270399 -0.415801 -0.635256 0.0486635 0.0121569
0.269588 -0.401709 -0.608762 0.178149 0.0129555
0.268779 -0.407016 -0.674771 0.150925 0.0131679
0.267973 -0.407016 -0.674771 0.150925 0.0131679
0.267169 -0.407016 -0.674771 0.150925 0.0131679
0.266367 -0.45233 -0.643105 -0.116455 0.00796633
0.265568 -0.476701 -0.577119 -0.152191 0.00630892
0.264772 -0.469995 -0.541075 -0.0916918 0.00623609
0.263977 -0.503345 -0.596815 -0.22292 0.00519816
0.263185 -0.529132 -0.585808 -0.242791 0.0043526
0.262396 -0.529132 -0.585808 -0.242791 0.0043526
0.261609 -0.538869 -0.616161 -0.290343 0.00416488
0.260824 -0.586695 -0.649288 -0.367097 0.00293053
0.260041 -0.633163 -0.608707 -0.330842 0.00314645
0.259261 -0.579824 -0.560574 -0.248879 0.00378934
0.258483 -0.579824 -0.560574 -0.248879 0.00378934
0.257708 -0.569372 -0.622133 -0.323992 0.00346268
0.256935 -0.58258 -0.640426 -0.351947 0.00315803
0.256164 -0.53984 -0.643051 -0.320466 0.00413394
0.255396 -0.532283 -0.689271 -0.3445 0.00438925
0.254629 -0.504429 -0.649716 -0.273565 0.00541051
0.253866 -0.504429 -0.649716 -0.273565 0.00541051
0.253104 -0.491966 -0.634609 -0.2416 0.00600741
0.252345 -0.491966 -0.634609 -0.2416 0.00600741
0.251588 -0.50734 -0.671836 -0.306171 0.00534573
0.250833 -0.497131 -0.697519 -0.283979 0.00605074
0.25008 -0.550322 -0.717962 -0.381948 0.00356912
0.24933 -0.507096 -0.691739 -0.308684 0.00567246
0.248582 -0.507096 -0.691739 -0.308684 0.00567246
0.247836 -0.544266 -0.696127 -0.37182 0.00393263
0.247093 -0.585692 -0.736985 -0.423522 0.00262327
0.246352 -0.581137 -0.707954 -0.411621 0.00277813
0.245613 -0.629557 -0.695714 -0.402695 0.00221409
0.244876 -0.689925 -0.707311 -0.400455 0.00330491
0.244141 -0.68647 -0.678696 -0.38371 0.00330704
0.243409 -0.689417 -0.687838 -0.386713 0.00340266
0.242678 -0.67002 -0.668134 -0.388526 0.00260095
0.24195 -0.676839 -0.667968 -0.383455 0.0029039
0.241225 -0.672413 -0.673503 -0.385894 0.00297409
0.240501 -0.701601 -0.699454 -0.386598 0.00395778
0.239779 -0.734912 -0.706841 -0.375238 0.00558212
0.23906 -0.781845 -0.729531 -0.332535 0.00798133
0.238343 -0.73928 -0.747358 -0.364238 0.00608891
0.237628 -0.792337 -0.806242 -0.304647 0.00823785
0.236915 -0.757432 -0.806343 -0.336821 0.00764501
0.236204 -0.757432 -0.806343 -0.336821 0.00764501
0.235496 -0.796342 -0.77924 -0.303289 0.0103554
0.234789 -0.821945 -0.756825 -0.277222 0.00956414
0.234085 -0.828707 -0.721307 -0.301125 0.00752151
0.233382 -0.878708 -0.749286 -0.213501 0.0113277
0.232682 -0.825846 -0.77075 -0.282274 0.0101969
0.231984 -0.832143 -0.769456 -0.266781 0.0106209
0.231288 -0.858513 -0.759923 -0.214745 0.0116479
0.230594 -0.847101 -0.763432 -0.265536 0.00998624
0.229903 -0.830394 -0.775744 -0.246221 0.0107903
0.229213 -0.871805 -0.759823 -0.220068 0.011237
0.228525 -0.857853 -0.786701 -0.21403 0.0119522
0.22784 -0.845548 -0.838295 -0.191713 0.0123697
0.227156 -0.844446 -0.869851 -0.127509 0.0148003
0.226475 -0.873067 -0.81557 -0.156926 0.0136011
0.225795 -0.873067 -0.81557 -0.156926 0.0136011
0.225118 -0.873067 -0.81557 -0.156926 0.0136011
0.224443 -0.824576 -0.868248 -0.159628 0.014294
0.223769 -0.824576 -0.868248 -0.159628 0.014294
0.223098 -0.795416 -0.870339 -0.227666 0.0124794
0.222429 -0.795416 -0.870339 -0.227666 0.0124794
0.221761 -0.843195 -0.915521 -0.0235584 0.0174286
0.221096 -0.850338 -0.898222 -0.0419556 0.0177368
0.220433 -0.856656 -0.887603 -0.0662605 0.0165076
0.219771 -0.856656 -0.887603 -0.0662605 0.0165076
0.219112 -0.848683 -0.861311 -0.132327 0.0143882
0.218455 -0.848683 -0.861311 -0.132327 0.0143882
0.217799 -0.876373 -0.914626 0.0735497 0.0200103
0.217146 -0.859481 -0.958239 0.107024 0.022848
0.216495 -0.812876 -0.941769 -0.0789354 0.0159162
0.215845 -0.759124 -0.906158 -0.249359 0.0105534
0.215198 -0.775504 -0.85855 -0.250482 0.0109494
0.214552 -0.723267 -0.837588 -0.364264 0.00678728
0.213908 -0.741518 -0.803044 -0.361926 0.00696464
0.213267 -0.761879 -0.761435 -0.351369 0.00648914
0.212627 -0.814798 -0.796179 -0.250857 0.0127662
0.211989 -0.814798 -0.796179 -0.250857 0.0127662
0.211353 -0.82073 -0.795495 -0.250725 0.0110369
0.210719 -0.781288 -0.785317 -0.319298 0.00818764
0.210087 -0.816083 -0.799808 -0.240076 0.0122661
0.209457 -0.820465 -0.765954 -0.285866 0.00848055
0.208828 -0.820344 -0.725007 -0.292033 0.00956425
0.208202 -0.836773 -0.680579 -0.285678 0.00860766
0.207577 -0.812694 -0.655011 -0.301725 0.00708559
0.206954 -0.779106 -0.619797 -0.32135 0.00548833
0.206333 -0.733357 -0.580478 -0.323483 0.00387957
0.205714 -0.742838 -0.554736 -0.297459 0.00477215
0.205097 -0.777664 -0.513624 -0.277077 0.00477523
0.204482 -0.811307 -0.509885 -0.272948 0.00545352
0.203869 -0.835118 -0.547234 -0.286335 0.00585401
0.203257 -0.803547 -0.578899 -0.305762 0.00525719
0.202647 -0.77209 -0.579772 -0.311022 0.00453322
0.202039 -0.742141 -0.620392 -0.343103 0.00432061
0.201433 -0.727701 -0.623945 -0.342919 0.00396256
0.200829 -0.709009 -0.652079 -0.360977 0.00365187
0.200226 -0.726756 -0.630851 -0.349951 0.00397533
0.199626 -0.751621 -0.582728 -0.313987 0.00422602
0.199027 -0.705301 -0.631665 -0.350321 0.00392107
0.19843 -0.705301 -0.631665 -0.350321 0.00392107
0.197834 -0.674429 -0.673514 -0.387343 0.00308332
0.197241 -0.641508 -0.630389 -0.354617 0.00297955
0.196649 -0.655195 -0.622334 -0.349126 0.00309239
0.196059 -0.642678 -0.653524 -0.371397 0.00254536
0.195471 -0.600827 -0.671801 -0.381814 0.00262764
0.194885 -0.64587 -0.670669 -0.385421 0.00328389
0.1943 -0.670245 -0.717354 -0.409248 0.00313836
0.193717 -0.707394 -0.747604 -0.402828 0.00437635
0.193136 -0.666932 -0.717307 -0.408431 0.00319517
0.192557 -0.633102 -0.68685 -0.401915 0.00241405
0.191979 -0.593889 -0.693907 -0.397063 0.00251854
0.191403 -0.596423 -0.731799 -0.42514 0.00237373
0.190829 -0.633707 -0.76568 -0.439949 0.00230363
0.190256 -0.611655 -0.756407 -0.44041 0.00216576
0.189685 -0.615537 -0.772346 -0.443626 0.00215803
0.189116 -0.620618 -0.749121 -0.437052 0.00232048
0.188549 -0.600594 -0.721336 -0.423026 0.00252091
0.187983 -0.639361 -0.752609 -0.432135 0.00276252
0.187419 -0.647841 -0.762106 -0.437512 0.00272815
0.186857 -0.651994 -0.758 -0.429164 0.00305694
0.186297 -0.64247 -0.783139 -0.437219 0.0029484
0.185738 -0.680487 -0.776672 -0.425537 0.003731
0.185181 -0.681489 -0.730539 -0.414576 0.003472
0.184625 -0.690322 -0.749472 -0.408033 0.00375217
0.184071 -0.734071 -0.747728 -0.384558 0.00496332
0.183519 -0.710271 -0.738109 -0.387126 0.00525568
0.182968 -0.697842 -0.718161 -0.394803 0.00452613
0.182419 -0.667309 -0.715254 -0.410851 0.00292692
0.181872 -0.654496 -0.704544 -0.408567 0.00280163
0.181327 -0.642285 -0.696542 -0.407442 0.00238981
0.180783 -0.624857 -0.711698 -0.418322 0.00230132
0.18024 -0.612448 -0.710098 -0.415122 0.00224145
0.1797 -0.599527 -0.676191 -0.388373 0.00257092
0.17916 -0.596788 -0.676144 -0.386409 0.00265251
0.178623 -0.573402 -0.683055 -0.380761 0.00298972
0.178087 -0.573402 -0.683055 -0.380761 0.00298972
0.177553 -0.544549 -0.682034 -0.357753 0.0038471
0.17702 -0.571359 -0.681278 -0.379129 0.00311388
0.176489 -0.601419 -0.675526 -0.388283 0.00244958
0.17596 -0.622121 -0.678651 -0.393474 0.00225607
0.175432 -0.603164 -0.679587 -0.39167 0.00248605
0.174905 -0.636322 -0.66425 -0.382571 0.00244855
0.174381 -0.623654 -0.654084 -0.374542 0.00255934
0.173858 -0.642128 -0.68881 -0.398226 0.00266894
0.173336 -0.636638 -0.689574 -0.402983 0.00251986
0.172816 -0.607066 -0.692101 -0.4025 0.00259659
0.172298 -0.574745 -0.707113 -0.401337 0.00287776
0.171781 -0.540537 -0.678843 -0.351951 0.00414814
0.171265 -0.524957 -0.652911 -0.308789 0.00464915
0.170752 -0.547943 -0.622182 -0.307957 0.00394008
0.170239 -0.512766 -0.631213 -0.269578 0.00499022
0.169729 -0.512766 -0.631213 -0.269578 0.00499022
0.169219 -0.52145 -0.667509 -0.315668 0.00479663
0.168712 -0.548466 -0.695818 -0.377819 0.00392224
0.168206 -0.513546 -0.67806 -0.313288 0.00517428
0.167701 -0.509082 -0.644028 -0.274827 0.00526543
0.167198 -0.508434 -0.676825 -0.294997 0.00545818
0.166696 -0.49889 -0.684797 -0.285497 0.0057958
0.166196 -0.49889 -0.684797 -0.285497 0.0057958
0.165698 -0.49889 -0.684797 -0.285497 0.0057958
0.165201 -0.527039 -0.645311 -0.309385 0.00457483
0.164705 -0.492844 -0.623257 -0.238958 0.00605247
0.164211 -0.461611 -0.603269 -0.133156 0.00724749
0.163718 -0.469375 -0.583108 -0.145442 0.00685063
0.163227 -0.441364 -0.570075 -0.0605205 0.00861565
0.162737 -0.441364 -0.570075 -0.0605205 0.00861565
0.162249 -0.469809 -0.536189 -0.0871615 0.00637312
0.161762 -0.452468 -0.526873 -0.0378576 0.00699788
0.161277 -0.45231 -0.487261 0.0192867 0.00715363
0.160793 -0.484018 -0.482876 -0.0252249 0.00575778
0.160311 -0.499945 -0.45436 0.00850994 0.00599482
0.15983 -0.478956 -0.478285 -0.00372435 0.00600197
0.15935 -0.476259 -0.480263 0.00289022 0.00583235
0.158872 -0.463017 -0.454223 0.0597437 0.00654293
0.158396 -0.465363 -0.430906 0.107577 0.0066098
0.157921 -0.485692 -0.400373 0.153383 0.00688987
0.157447 -0.485692 -0.400373 0.153383 0.00688987
0.156974 -0.522832 -0.432816 0.0241308 0.00618682
0.156504 -0.522832 -0.432816 0.0241308 0.00618682
0.156034 -0.536969 -0.462107 -0.0536212 0.00556172
0.155566 -0.524443 -0.498731 -0.104489 0.00494672
0.155099 -0.509606 -0.507543 -0.104038 0.00549837
0.154634 -0.509606 -0.507543 -0.104038 0.00549837
0.15417 -0.523482 -0.482306 -0.0712329 0.00550609
0.153708 -0.534064 -0.474143 -0.0600619 0.00512442
0.153246 -0.510088 -0.452798 -0.00739843 0.00617665
0.152787 -0.536166 -0.482599 -0.086358 0.00547967
0.152328 -0.515908 -0.515254 -0.118807 0.00487241
0.151871 -0.481117 -0.54741 -0.117986 0.00593924
0.151416 -0.47575 -0.550778 -0.11777 0.00613514
0.150961 -0.47575 -0.550778 -0.11777 0.00613514
0.150509 -0.49623 -0.547904 -0.149935 0.00551466
0.150057 -0.488734 -0.552435 -0.145652 0.0057332
0.149607 -0.519303 -0.558446 -0.193867 0.00482284
0.149158 -0.493356 -0.589124 -0.202946 0.00577877
0.148711 -0.516596 -0.606794 -0.258834 0.00492143
0.148264 -0.548675 -0.635329 -0.317864 0.00375815
0.14782 -0.554969 -0.624365 -0.321609 0.00354152
0.147376 -0.567229 -0.618213 -0.319234 0.0035934
0.146934 -0.582287 -0.634368 -0.340463 0.00299553
0.146493 -0.581 -0.659645 -0.372639 0.00289198
0.146054 -0.581 -0.659645 -0.372639 0.00289198
0.145616 -0.57003 -0.675564 -0.375769 0.0031173
0.145179 -0.585806 -0.672376 -0.380685 0.00279984
0.144743 -0.574707 -0.663749 -0.366704 0.0030033
0.144309 -0.594797 -0.693796 -0.400359 0.0025806
0.143876 -0.594174 -0.689548 -0.401215 0.00267122
0.143444 -0.558601 -0.692465 -0.375499 0.00350871
0.143014 -0.527968 -0.676034 -0.341113 0.0044321
0.142585 -0.536747 -0.660158 -0.334022 0.00421701
0.142157 -0.536747 -0.660158 -0.334022 0.00421701
0.141731 -0.541172 -0.668453 -0.34793 0.00376936
0.141306 -0.514089 -0.696791 -0.322626 0.00535203
0.140882 -0.534823 -0.711143 -0.363512 0.00426209
0.140459 -0.562875 -0.697316 -0.386535 0.00335462
0.140038 -0.562875 -0.697316 -0.386535 0.00335462
0.139618 -0.570368 -0.724787 -0.408009 0.00292099
0.139199 -0.576263 -0.746347 -0.422187 0.00275065
0.138781 -0.609227 -0.74372 -0.434881 0.00213274
0.138365 -0.58025 -0.726613 -0.415392 0.00264728
0.13795 -0.6006 -0.74227 -0.429786 0.00243062
0.137536 -0.626276 -0.722678 -0.422097 0.00215669
0.137123 -0.626669 -0.698068 -0.404658 0.00318149
0.136712 -0.651161 -0.731995 -0.425267 0.00259113
0.136302 -0.662562 -0.744577 -0.423196 0.00307868
0.135893 -0.670046 -0.756393 -0.416327 0.00360367
0.135485 -0.670645 -0.7422 -0.418456 0.0030353
0.135079 -0.700908 -0.712759 -0.393572 0.00391579
0.134674 -0.68571 -0.733246 -0.411396 0.00298732
0.134269 -0.656261 -0.74189 -0.42972 0.00236733
0.133867 -0.654686 -0.744116 -0.422739 0.00313021
0.133465 -0.654043 -0.724542 -0.415538 0.0025108
0.133065 -0.664471 -0.707298 -0.402664 0.00433602
0.132665 -0.685144 -0.720069 -0.400594 0.00377478
0.132267 -0.670078 -0.743772 -0.423919 0.00297087
0.131871 -0.694236 -0.77083 -0.411778 0.00409329
0.131475 -0.674867 -0.801278 -0.425065 0.00372547
0.131081 -0.651128 -0.784389 -0.441465 0.00257211
0.130687 -0.62211 -0.765357 -0.439813 0.00251918
0.130295 -0.643753 -0.761481 -0.430405 0.00280571
0.129904 -0.632159 -0.751398 -0.433764 0.00232855
0.129515 -0.643688 -0.768714 -0.432628 0.0030776
0.129126 -0.624319 -0.783343 -0.441167 0.00239199
0.128739 -0.654121 -0.801981 -0.437562 0.00330415
0.128353 -0.645738 -0.809149 -0.434782 0.00333046
0.127968 -0.640882 -0.789034 -0.442419 0.00217266
0.127584 -0.614009 -0.768568 -0.439346 0.00243986
0.127201 -0.583044 -0.758491 -0.427729 0.00258392
0.126819 -0.560499 -0.776604 -0.421103 0.00328415
0.126439 -0.539052 -0.801743 -0.383934 0.00422304
0.12606 -0.539052 -0.801743 -0.383934 0.00422304
0.125681 -0.508716 -0.829611 -0.298578 0.00568189
0.125304 -0.538949 -0.832175 -0.383548 0.00422106
0.124928 -0.530573 -0.850213 -0.353967 0.00457133
0.124554 -0.51633 -0.855847 -0.323491 0.00558672
0.12418 -0.547028 -0.849215 -0.387482 0.00393993
0.123807 -0.564921 -0.878546 -0.396241 0.00339307
0.123436 -0.543487 -0.856516 -0.368877 0.00415688
0.123066 -0.57423 -0.82939 -0.425424 0.00291564
0.122696 -0.556993 -0.84455 -0.398761 0.00395431
0.122328 -0.575186 -0.855841 -0.412009 0.00313555
0.121961 -0.579059 -0.884357 -0.404166 0.00302518
0.121596 -0.600858 -0.893612 -0.409964 0.00311918
0.121231 -0.617903 -0.877455 -0.418873 0.00349559
0.120867 -0.643274 -0.887902 -0.402459 0.00481995
0.120504 -0.672965 -0.889834 -0.37893 0.00564131
0.120143 -0.67335 -0.881981 -0.393935 0.00531012
0.119782 -0.643915 -0.889701 -0.402384 0.00423853
0.119423 -0.662564 -0.893389 -0.391758 0.00540507
0.119065 -0.685791 -0.865471 -0.39203 0.00559685
0.118708 -0.672073 -0.850693 -0.409432 0.00521311
0.118352 -0.645135 -0.862123 -0.425873 0.00397502
0.117996 -0.645135 -0.862123 -0.425873 0.00397502
0.117643 -0.641643 -0.876111 -0.412487 0.00476706
0.11729 -0.641643 -0.876111 -0.412487 0.00476706
0.116938 -0.618026 -0.871414 -0.429238 0.0033212
0.116587 -0.612713 -0.883582 -0.419028 0.00364049
0.116237 -0.61232 -0.878765 -0.418245 0.00315756
0.115888 -0.616163 -0.866549 -0.427539 0.00296263
0.115541 -0.618108 -0.865983 -0.431193 0.0030055
0.115194 -0.624989 -0.852425 -0.430092 0.00347161
0.114849 -0.628637 -0.836881 -0.436721 0.00315856
0.114504 -0.642452 -0.813765 -0.435294 0.00375963
0.114161 -0.670545 -0.79897 -0.419024 0.00579503
0.113818 -0.670545 -0.79897 -0.419024 0.00579503
0.113477 -0.688391 -0.7724 -0.412594 0.00415189
0.113136 -0.69637 -0.767525 -0.407655 0.00452375
0.112797 -0.69637 -0.767525 -0.407655 0.00452375
0.112458 -0.693241 -0.77876 -0.409592 0.00452588
0.112121 -0.674341 -0.781737 -0.427669 0.00408265
0.111785 -0.651177 -0.785656 -0.433015 0.00281437
0.111449 -0.6399 -0.775467 -0.437807 0.0027267
0.111115 -0.66205 -0.751437 -0.42636 0.00295946
0.110782 -0.650713 -0.728794 -0.419985 0.00256965
0.110449 -0.631436 -0.734953 -0.429799 0.0022733
0.110118 -0.614965 -0.729176 -0.423623 0.00229047
0.109788 -0.638331 -0.725418 -0.421767 0.00319579
0.109458 -0.651537 -0.720475 -0.41572 0.00292118
0.10913 -0.651537 -0.720475 -0.41572 0.00292118
0.108802 -0.657624 -0.74433 -0.429334 0.00237711
0.108476 -0.662119 -0.766631 -0.433249 0.0028165
0.108151 -0.643139 -0.775437 -0.441015 0.00253533
0.107826 -0.655699 -0.756126 -0.43178 0.00289039
0.107503 -0.675579 -0.76044 -0.413573 0.00479574
0.10718 -0.667303 -0.751393 -0.425234 0.00322746
0.106859 -0.671112 -0.738654 -0.426368 0.00257232
0.106538 -0.67961 -0.73337 -0.414139 0.00312454
0.106218 -0.664284 -0.717107 -0.415155 0.00279061
0.1059 -0.651502 -0.724031 -0.424101 0.00245066
0.105582 -0.650848 -0.7213 -0.419008 0.00302387
0.105265 -0.629328 -0.719636 -0.423931 0.00214679
0.104949 -0.638385 -0.732986 -0.427672 0.00241757
0.104635 -0.638385 -0.732986 -0.427672 0.00241757
0.104321 -0.621413 -0.724901 -0.42399 0.0022756
0.104008 -0.625301 -0.707551 -0.414141 0.00229615
0.103696 -0.632244 -0.684993 -0.397844 0.00240688
0.103385 -0.612143 -0.676372 -0.393177 0.00243978
0.103075 -0.595718 -0.69047 -0.395105 0.00263296
0.102765 -0.581197 -0.676087 -0.384242 0.00278561
0.102457 -0.597815 -0.693107 -0.401753 0.00258533
0.10215 -0.608623 -0.711988 -0.411796 0.00230161
0.101843 -0.606473 -0.694345 -0.405756 0.00231668
0.101538 -0.605923 -0.705725 -0.411987 0.00224929
0.101233 -0.629838 -0.730653 -0.423272 0.00221273
0.100929 -0.62916 -0.729816 -0.429844 0.00199189
0.100627 -0.609466 -0.71604 -0.420907 0.0024445
0.100325 -0.595212 -0.729782 -0.423691 0.00235416
0.100024 -0.597263 -0.729265 -0.419255 0.00239281
0.0997236 -0.600743 -0.713931 -0.419746 0.00252643
0.0994244 -0.619171 -0.725013 -0.426361 0.00218909
0.0991262 -0.638285 -0.74242 -0.429058 0.00248925
0.0988288 -0.638285 -0.74242 -0.429058 0.00248925
0.0985323 -0.66093 -0.747239 -0.422617 0.00327492
0.0982367 -0.681638 -0.76793 -0.42146 0.00341839
0.097942 -0.704896 -0.782669 -0.405327 0.00428498
0.0976482 -0.708833 -0.806043 -0.39822 0.00490785
0.0973552 -0.724198 -0.807578 -0.380285 0.00684676
0.0970632 -0.71292 -0.801166 -0.394104 0.00523407
0.096772 -0.724522 -0.816002 -0.358977 0.00731737
0.0964817 -0.730701 -0.793043 -0.374176 0.00554103
0.0961922 -0.718614 -0.798634 -0.38532 0.00570664
0.0959036 -0.699728 -0.821755 -0.398625 0.00530542
0.0956159 -0.688786 -0.800268 -0.41502 0.00464964
0.0953291 -0.669299 -0.781552 -0.423321 0.00375648
0.0950431 -0.646377 -0.78835 -0.436096 0.00354204
0.094758 -0.653304 -0.807594 -0.439191 0.0029975
0.0944737 -0.643926 -0.818069 -0.435508 0.00337579
0.0941903 -0.655627 -0.800331 -0.43304 0.00332159
0.0939077 -0.664966 -0.794748 -0.440992 0.00287387
0.093626 -0.686334 -0.794169 -0.410482 0.00592119
0.0933451 -0.69974 -0.806899 -0.399845 0.00485892
0.0930651 -0.714962 -0.819207 -0.377563 0.00606842
0.0927859 -0.728301 -0.819698 -0.364805 0.00675838
0.0925075 -0.728301 -0.819698 -0.364805 0.00675838
0.09223 -0.726841 -0.797123 -0.376883 0.00678142
0.0919533 -0.717758 -0.792052 -0.391412 0.00502772
0.0916774 -0.726461 -0.773862 -0.382892 0.00521435
0.0914024 -0.708892 -0.790528 -0.397523 0.00520103
0.0911282 -0.7313 -0.789989 -0.375989 0.00622324
0.0908548 -0.72281 -0.798128 -0.373836 0.00779904
0.0905822 -0.726306 -0.801787 -0.373959 0.00685876
0.0903105 -0.722262 -0.805489 -0.382045 0.005867
0.0900396 -0.728552 -0.787925 -0.379253 0.00678117
0.0897694 -0.731235 -0.799316 -0.38084 0.00604793
0.0895001 -0.709794 -0.814262 -0.386538 0.00609127
0.0892316 -0.711917 -0.814223 -0.392307 0.00506159
0.0889639 -0.727544 -0.805893 -0.377414 0.00612226
0.088697 -0.737858 -0.826674 -0.354982 0.00696369
0.088431 -0.745942 -0.826 -0.34868 0.0072765
0.0881657 -0.767948 -0.804222 -0.349934 0.00621031
0.0879012 -0.767789 -0.813171 -0.317555 0.00788776
0.0876375 -0.779165 -0.797983 -0.308692 0.00842905
0.0873746 -0.761125 -0.810579 -0.338662 0.00818312
0.0871124 -0.748633 -0.796974 -0.366136 0.00602188
0.0868511 -0.767528 -0.807021 -0.320533 0.00815549
0.0865905 -0.754919 -0.805523 -0.346534 0.00687272
0.0863308 -0.762366 -0.82214 -0.328048 0.00838119
0.0860718 -0.772823 -0.843541 -0.286799 0.0104154
0.0858136 -0.762993 -0.84822 -0.296345 0.00955654
0.0855561 -0.765627 -0.86136 -0.298759 0.00896564
0.0852994 -0.764827 -0.877418 -0.25796 0.0104941
0.0850436 -0.756822 -0.897511 -0.260511 0.0105772
0.0847884 -0.76201 -0.901147 -0.249384 0.0104837
0.0845341 -0.771374 -0.914049 -0.210763 0.011996
0.0842805 -0.773793 -0.901273 -0.239196 0.0102631
0.0840276 -0.780992 -0.8981 -0.223601 0.0112757
0.0837755 -0.791646 -0.907584 -0.188413 0.0125818
0.0835242 -0.781754 -0.898119 -0.181662 0.0162126
0.0832736 -0.783505 -0.877543 -0.249044 0.0107475
0.0830238 -0.79311 -0.893217 -0.177438 0.0165286
0.0827747 -0.806971 -0.876848 -0.198965 0.0143372
0.0825264 -0.806971 -0.876848 -0.198965 0.0143372
0.0822788 -0.794291 -0.886204 -0.236472 0.0106056
0.082032 -0.794291 -0.886204 -0.236472 0.0106056
0.0817859 -0.794291 -0.886204 -0.236472 0.0106056
0.0815405 -0.796533 -0.884047 -0.188294 0.0136674
0.0812959 -0.789037 -0.88808 -0.190209 0.0137631
0.081052 -0.781634 -0.872112 -0.266015 0.0101734
0.0808089 -0.781634 -0.872112 -0.266015 0.0101734
0.0805665 -0.762193 -0.886415 -0.258933 0.0105227
0.0803248 -0.766919 -0.876672 -0.254337 0.0114259
0.0800838 -0.778807 -0.88611 -0.232177 0.0113136
0.0798435 -0.78799 -0.896179 -0.212953 0.0120516
0.079604 -0.773311 -0.908098 -0.185482 0.0125904
0.0793652 -0.769638 -0.902403 -0.232928 0.0115273
0.0791271 -0.77837 -0.896996 -0.222175 0.0121646
0.0788897 -0.787579 -0.896464 -0.208062 0.0122361
0.078653 -0.794665 -0.895292 -0.215499 0.0117255
0.0784171 -0.789088 -0.885933 -0.24408 0.0100938
0.0781818 -0.788655 -0.882189 -0.209202 0.0130427
0.0779473 -0.807533 -0.888595 -0.178311 0.0135252
0.0777134 -0.815417 -0.903198 -0.102924 0.015293
0.0774803 -0.806694 -0.904966 -0.164338 0.0125928
0.0772479 -0.806694 -0.904966 -0.164338 0.0125928
0.0770161 -0.799717 -0.898187 -0.167487 0.0142141
0.0767851 -0.817998 -0.913867 -0.10671 0.0157512
0.0765547 -0.799515 -0.926084 -0.142177 0.0141753
0.076325 -0.799515 -0.926084 -0.142177 0.0141753
0.0760961 -0.786349 -0.921411 -0.151952 0.0135478
0.0758678 -0.80095 -0.915515 -0.139602 0.0158871
0.0756402 -0.806344 -0.899033 -0.179179 0.0124951
0.0754133 -0.792985 -0.917114 -0.17063 0.0134903
0.075187 -0.792985 -0.917114 -0.17063 0.0134903
0.0749615 -0.780861 -0.932981 -0.162324 0.0126435
0.0747366 -0.798336 -0.944851 -0.0837065 0.0161151
0.0745124 -0.796078 -0.941419 -0.115665 0.0152954
0.0742888 -0.812631 -0.92927 -0.0890941 0.0160016
0.074066 -0.79526 -0.937676 -0.114981 0.0142901
0.0738438 -0.810953 -0.924704 -0.111681 0.0155224
0.0736222 -0.802487 -0.912824 -0.16126 0.0151531
0.0734014 -0.794813 -0.898034 -0.190656 0.0122682
0.0731812 -0.803399 -0.901867 -0.146759 0.0145534
0.0729616 -0.798627 -0.893489 -0.171053 0.0141722
0.0727427 -0.783951 -0.880559 -0.243036 0.0108974
0.0725245 -0.785928 -0.872413 -0.233386 0.0118581
0.0723069 -0.781922 -0.866557 -0.254778 0.0112323
0.07209 -0.781922 -0.866557 -0.254778 0.0112323
0.0718737 -0.778316 -0.86488 -0.26721 0.00996427
0.0716581 -0.761777 -0.866483 -0.30064 0.00921913
0.0714431 -0.75249 -0.881993 -0.269145 0.0100468
0.0712288 -0.746141 -0.882279 -0.295294 0.0095741
0.0710151 -0.75035 -0.89539 -0.270799 0.0114009
0.0708021 -0.75035 -0.89539 -0.270799 0.0114009
0.0705897 -0.75035 -0.89539 -0.270799 0.0114009
0.0703779 -0.745317 -0.881128 -0.288867 0.0100594
0.0701668 -0.746612 -0.894355 -0.269544 0.0109263
0.0699563 -0.735258 -0.877163 -0.320046 0.00807624
0.0697464 -0.72468 -0.868448 -0.343544 0.00747236
0.0695372 -0.726306 -0.871789 -0.337616 0.00802261
0.0693286 -0.730951 -0.867396 -0.351894 0.0075301
0.0691206 -0.730951 -0.867396 -0.351894 0.0075301
0.0689132 -0.730951 -0.867396 -0.351894 0.0075301
0.0687065 -0.730951 -0.867396 -0.351894 0.0075301
0.0685003 -0.721512 -0.868948 -0.341983 0.00769073
0.0682948 -0.731988 -0.866589 -0.326688 0.00844031
0.06809 -0.748774 -0.879013 -0.291735 0.0109054
0.0678857 -0.754256 -0.883485 -0.264766 0.0100427
0.067682 -0.742911 -0.884381 -0.297259 0.00911386
0.067479 -0.748173 -0.897325 -0.270607 0.0100948
0.0672766 -0.742271 -0.8911 -0.31013 0.0101779
0.0670747 -0.750688 -0.904141 -0.261591 0.00971183
0.0668735 -0.739697 -0.893601 -0.286364 0.00974168
0.0666729 -0.736879 -0.910014 -0.276889 0.009927
0.0664729 -0.736879 -0.910014 -0.276889 0.009927
0.0662734 -0.748113 -0.911877 -0.266927 0.0105814
0.0660746 -0.748113 -0.911877 -0.266927 0.0105814
0.0658764 -0.743826 -0.913608 -0.284583 0.00982623
0.0656788 -0.737354 -0.898013 -0.297253 0.0088023
0.0654817 -0.730208 -0.913828 -0.29266 0.00886927
0.0652853 -0.734179 -0.911037 -0.288675 0.00970522
0.0650894 -0.722223 -0.908275 -0.305805 0.00841251
0.0648942 -0.722223 -0.908275 -0.305805 0.00841251
0.0646995 -0.722223 -0.908275 -0.305805 0.00841251
0.0645054 -0.716836 -0.902548 -0.303696 0.00880878
0.0643119 -0.728411 -0.903178 -0.307742 0.00908782
0.0641189 -0.73187 -0.909035 -0.295946 0.00866426
0.0639266 -0.739603 -0.90566 -0.268488 0.0111331
0.0637348 -0.725441 -0.892199 -0.299779 0.00901086
0.0635436 -0.713088 -0.87716 -0.356137 0.00723711
0.063353 -0.713088 -0.87716 -0.356137 0.00723711
0.0631629 -0.698415 -0.871712 -0.370812 0.00620002
0.0629734 -0.685768 -0.874718 -0.376728 0.00628278
0.0627845 -0.675085 -0.865253 -0.397454 0.00519122
0.0625961 -0.683963 -0.866565 -0.394302 0.00581129
0.0624083 -0.687703 -0.874117 -0.370244 0.00634272
0.0622211 -0.698304 -0.882763 -0.357068 0.00754423
0.0620345 -0.698304 -0.882763 -0.357068 0.00754423
0.0618484 -0.709598 -0.871787 -0.348933 0.00744348
0.0616628 -0.70118 -0.858778 -0.378499 0.00662041
0.0614778 -0.686883 -0.849782 -0.395811 0.00520404
0.0612934 -0.6811 -0.835593 -0.412475 0.004682
0.0611095 -0.6811 -0.835593 -0.412475 0.004682
0.0609262 -0.666792 -0.839265 -0.424318 0.00382969
0.0607434 -0.666792 -0.839265 -0.424318 0.00382969
0.0605612 -0.663227 -0.847014 -0.420511 0.00444422
0.0603795 -0.673837 -0.843438 -0.424641 0.00386493
0.0601983 -0.674058 -0.851241 -0.408999 0.00488097
0.0600178 -0.686577 -0.838507 -0.402521 0.00685721
0.0598377 -0.686577 -0.838507 -0.402521 0.00685721
0.0596582 -0.694279 -0.831294 -0.406166 0.00439214
0.0594792 -0.68938 -0.826833 -0.40667 0.00500925
0.0593008 -0.675443 -0.824913 -0.419999 0.00434044
0.0591229 -0.675443 -0.824913 -0.419999 0.00434044
0.0589455 -0.675443 -0.824913 -0.419999 0.00434044
0.0587687 -0.679041 -0.820083 -0.417055 0.00457645
0.0585924 -0.674961 -0.808066 -0.416226 0.00427148
0.0584166 -0.686983 -0.804146 -0.415069 0.00414651
0.0582413 -0.698556 -0.81858 -0.407078 0.00466023
0.0580666 -0.689379 -0.819485 -0.404163 0.00556926
0.0578924 -0.689867 -0.824851 -0.407353 0.00503838
0.0577187 -0.678965 -0.837738 -0.408851 0.00562528
0.0575456 -0.69035 -0.851293 -0.395305 0.00540531
0.0573729 -0.700619 -0.862494 -0.374113 0.00656006
0.0572008 -0.691612 -0.858707 -0.37764 0.0060388
0.0570292 -0.690836 -0.85958 -0.383514 0.00582056
0.0568581 -0.691744 -0.856669 -0.380918 0.00703434
0.0566876 -0.681768 -0.861936 -0.391861 0.00546975
0.0565175 -0.685618 -0.854255 -0.391593 0.0057334
0.0563479 -0.671973 -0.843982 -0.405642 0.00486795
0.0561789 -0.672717 -0.855167 -0.408748 0.00478584
0.0560104 -0.684208 -0.861269 -0.397883 0.00510323
0.0558423 -0.671443 -0.864928 -0.393633 0.00554706
0.0556748 -0.681474 -0.861545 -0.400013 0.00547201
0.0555078 -0.679039 -0.867864 -0.401469 0.00528773
0.0553413 -0.667316 -0.858143 -0.407358 0.00463348
0.0551752 -0.671148 -0.848548 -0.409043 0.00453202
0.0550097 -0.66156 -0.841286 -0.421569 0.00441967
0.0548447 -0.669007 -0.837722 -0.417045 0.0044763
0.0546801 -0.661084 -0.848029 -0.418334 0.00449859
0.0545161 -0.666442 -0.857199 -0.409284 0.00495534
0.0543526 -0.67983 -0.86517 -0.389967 0.00536977
0.0541895 -0.686429 -0.861831 -0.398861 0.00521674
0.0540269 -0.681076 -0.874101 -0.390013 0.00496249
0.0538648 -0.671387 -0.860794 -0.401544 0.0057776
0.0537033 -0.67223 -0.862921 -0.402734 0.00524863
0.0535421 -0.659043 -0.869026 -0.40393 0.00478528
0.0533815 -0.668665 -0.872271 -0.392746 0.0057645
0.0532214 -0.663956 -0.86104 -0.415041 0.00537629
0.0530617 -0.665796 -0.851151 -0.410801 0.00498318
0.0529025 -0.671891 -0.857411 -0.41417 0.00537939
0.0527438 -0.682616 -0.863369 -0.388953 0.0057302
0.0525856 -0.68504 -0.874038 -0.375977 0.00628324
0.0524278 -0.679196 -0.864509 -0.39817 0.00525498
0.0522705 -0.680709 -0.858584 -0.407209 0.00513403
0.0521137 -0.686006 -0.871019 -0.384428 0.00570667
0.0519574 -0.68367 -0.877091 -0.390018 0.00562683
0.0518015 -0.67502 -0.868741 -0.394935 0.00557925
0.0516461 -0.677763 -0.875212 -0.389677 0.00557521
0.0514912 -0.674822 -0.87587 -0.400276 0.00497615
0.0513367 -0.667417 -0.880127 -0.396926 0.00522439
0.0511827 -0.666664 -0.881997 -0.401043 0.00450683
0.0510291 -0.678137 -0.87006 -0.38886 0.00628193
0.0508761 -0.67681 -0.864535 -0.3945 0.00555639
0.0507234 -0.66879 -0.872902 -0.403505 0.00524129
0.0505713 -0.678416 -0.878671 -0.387773 0.00535314
0.0504195 -0.676964 -0.870521 -0.395536 0.00534876
0.0502683 -0.670596 -0.864483 -0.396551 0.00610688
0.0501175 -0.675213 -0.863358 -0.400035 0.00509028
0.0499671 -0.669417 -0.869728 -0.402418 0.00556919
0.0498172 -0.667632 -0.880069 -0.389799 0.00553036
0.0496678 -0.661884 -0.886142 -0.39134 0.00526845
0.0495188 -0.651122 -0.890429 -0.389098 0.00558046
0.0493702 -0.640936 -0.88455 -0.411307 0.00450987
0.0492221 -0.636714 -0.872283 -0.421658 0.00385002
0.0490744 -0.632853 -0.87392 -0.42179 0.00368331
0.0489272 -0.64193 -0.882256 -0.410009 0.0045845
0.0487804 -0.646884 -0.877541 -0.412315 0.00426777
0.0486341 -0.658568 -0.874285 -0.40985 0.00459275
0.0484882 -0.666436 -0.885742 -0.391862 0.00517054
0.0483427 -0.664118 -0.896262 -0.39429 0.00501688
0.0481977 -0.664118 -0.896262 -0.39429 0.00501688
0.0480531 -0.664118 -0.896262 -0.39429 0.00501688
0.0479089 -0.653568 -0.887158 -0.397482 0.00537618
0.0477652 -0.661428 -0.886979 -0.398842 0.00489386
0.0476219 -0.655514 -0.879572 -0.411013 0.00480233
0.0474791 -0.655514 -0.879572 -0.411013 0.00480233
0.0473366 -0.649691 -0.869522 -0.41008 0.00475974
0.0471946 -0.653674 -0.8712 -0.40951 0.00491472
0.047053 -0.658324 -0.882183 -0.405253 0.00463281
0.0469119 -0.660985 -0.874711 -0.413152 0.00437942
0.0467711 -0.660985 -0.874711 -0.413152 0.00437942
0.0466308 -0.660985 -0.874711 -0.413152 0.00437942
0.0464909 -0.660985 -0.874711 -0.413152 0.00437942
0.0463515 -0.67185 -0.875582 -0.392428 0.00601562
0.0462124 -0.668724 -0.868285 -0.396534 0.00565923
0.0460738 -0.666479 -0.861653 -0.406906 0.00522517
0.0459355 -0.673908 -0.856891 -0.40559 0.00542351
0.0457977 -0.683122 -0.861317 -0.397343 0.00561553
0.0456603 -0.674844 -0.851412 -0.401577 0.00573715
0.0455234 -0.682796 -0.844866 -0.401337 0.00490441
0.0453868 -0.683738 -0.834895 -0.405547 0.00535424
0.0452506 -0.691249 -0.830904 -0.40262 0.00644135
0.0451149 -0.701824 -0.825505 -0.394202 0.00568942
0.0449795 -0.703128 -0.836682 -0.38517 0.00614627
0.0448446 -0.710806 -0.844322 -0.390746 0.00556099
0.0447101 -0.713794 -0.853555 -0.368235 0.0072239
0.0445759 -0.713794 -0.853555 -0.368235 0.0072239
0.0444422 -0.702773 -0.856916 -0.383132 0.0053256
0.0443089 -0.702773 -0.856916 -0.383132 0.0053256
0.0441759 -0.695486 -0.849847 -0.389133 0.00576274
0.0440434 -0.686708 -0.8545 -0.395498 0.00547428
0.0439113 -0.682882 -0.847683 -0.386551 0.00610284
0.0437796 -0.686269 -0.837751 -0.40757 0.00453976
0.0436482 -0.685561 -0.838563 -0.416618 0.00438079
0.0435173 -0.685561 -0.838563 -0.416618 0.00438079
0.0433867 -0.685561 -0.838563 -0.416618 0.00438079
0.0432566 -0.683459 -0.830975 -0.407329 0.00463261
0.0431268 -0.67789 -0.830653 -0.411134 0.0057093
0.0429974 -0.682567 -0.83474 -0.402002 0.00582083
0.0428684 -0.677335 -0.832131 -0.405322 0.0054704
0.0427398 -0.670054 -0.823677 -0.427162 0.00380222
0.0426116 -0.667536 -0.829204 -0.425723 0.00387148
0.0424838 -0.659867 -0.836861 -0.405678 0.00564147
0.0423563 -0.650324 -0.834 -0.433461 0.00345072
0.0422292 -0.640538 -0.829613 -0.437148 0.00350728
0.0421026 -0.640538 -0.829613 -0.437148 0.00350728
0.0419762 -0.637925 -0.819431 -0.440778 0.00281795
0.0418503 -0.6347 -0.820752 -0.436907 0.003413
0.0417248 -0.627861 -0.829235 -0.435329 0.00299601
0.0415996 -0.619773 -0.833661 -0.442441 0.00257801
0.0414748 -0.6095 -0.838178 -0.436115 0.00301645
0.0413504 -0.609238 -0.844207 -0.436731 0.00274585
0.0412263 -0.614679 -0.845903 -0.431335 0.00315734
0.0411026 -0.612413 -0.853617 -0.433507 0.00295313
0.0409793 -0.610256 -0.850673 -0.434584 0.00345509
0.0408564 -0.616919 -0.840596 -0.433176 0.00300252
0.0407338 -0.615487 -0.846575 -0.435604 0.00275758
0.0406116 -0.621452 -0.845948 -0.436416 0.00385147
0.0404898 -0.617013 -0.850304 -0.43187 0.00320457
0.0403683 -0.618497 -0.855784 -0.424866 0.00366286
0.0402472 -0.620726 -0.852832 -0.435543 0.00307964
0.0401265 -0.612402 -0.854006 -0.433143 0.00299694
0.0400061 -0.612402 -0.854006 -0.433143 0.00299694
0.0398861 -0.61493 -0.851263 -0.430305 0.00357389
0.0397664 -0.606021 -0.84617 -0.43766 0.00281903
0.0396471 -0.596247 -0.855021 -0.427114 0.00268903
0.0395282 -0.600283 -0.854178 -0.433344 0.0025571
0.0394096 -0.600397 -0.863622 -0.434832 0.00246269
0.0392914 -0.600397 -0.863622 -0.434832 0.00246269
0.0391735 -0.595085 -0.854269 -0.433261 0.00273968
0.039056 -0.595085 -0.854269 -0.433261 0.00273968
0.0389388 -0.60365 -0.850171 -0.436692 0.00268126
0.038822 -0.604167 -0.856633 -0.428157 0.00292797
0.0387055 -0.605022 -0.848979 -0.43199 0.0027033
0.0385894 -0.60171 -0.843456 -0.436755 0.00278526
0.0384736 -0.592839 -0.834277 -0.436068 0.00265088
0.0383582 -0.601286 -0.833651 -0.441235 0.00261506
0.0382431 -0.596269 -0.824875 -0.434346 0.00270382
0.0381284 -0.603627 -0.81616 -0.438658 0.00269808
0.038014 -0.611594 -0.816597 -0.445495 0.00227825
0.0379 -0.611886 -0.810981 -0.442231 0.00278344
0.0377863 -0.605126 -0.80893 -0.447285 0.00224896
0.0376729 -0.603451 -0.808569 -0.445207 0.0022837
0.0375599 -0.600023 -0.800933 -0.446393 0.00226771
0.0374472 -0.599414 -0.810133 -0.442581 0.00257099
0.0373349 -0.603098 -0.803748 -0.439885 0.00255946
0.0372229 -0.605173 -0.807568 -0.445459 0.00240268
0.0371112 -0.602676 -0.801852 -0.446062 0.00237332
0.0369999 -0.604373 -0.799615 -0.438843 0.00287552
0.0368889 -0.611972 -0.80075 -0.442229 0.00267008
0.0367782 -0.614139 -0.806105 -0.43878 0.0033239
0.0366679 -0.608389 -0.80857 -0.442408 0.00274418
0.0365579 -0.599973 -0.813013 -0.443999 0.00244022
0.0364482 -0.599973 -0.813013 -0.443999 0.00244022
0.0363389 -0.592155 -0.819223 -0.438664 0.00236316
0.0362298 -0.587582 -0.811261 -0.43577 0.00251862
0.0361211 -0.585591 -0.811785 -0.430892 0.00267561
0.0360128 -0.584896 -0.815197 -0.432442 0.00257119
0.0359047 -0.583097 -0.815158 -0.43155 0.00265317
0.035797 -0.574527 -0.809254 -0.428444 0.0028797
0.0356896 -0.570685 -0.804674 -0.42492 0.00302767
0.0355826 -0.577714 -0.808702 -0.429088 0.00299331
0.0354758 -0.586362 -0.810619 -0.439375 0.00246234
0.0353694 -0.579145 -0.807372 -0.432962 0.00265953
0.0352633 -0.58045 -0.803282 -0.434594 0.0027563
0.0351575 -0.582457 -0.803081 -0.435586 0.00253308
0.035052 -0.58326 -0.797962 -0.442326 0.00251035
0.0349469 -0.58326 -0.797962 -0.442326 0.00251035
0.034842 -0.588856 -0.805827 -0.436761 0.00249162
0.0347375 -0.583604 -0.806041 -0.433944 0.0027373
0.0346333 -0.585282 -0.809462 -0.439353 0.00259833
0.0345294 -0.585282 -0.809462 -0.439353 0.00259833
0.0344258 -0.585861 -0.813197 -0.437969 0.002732
0.0343225 -0.581407 -0.819607 -0.436427 0.00278962
0.0342196 -0.581407 -0.819607 -0.436427 0.00278962
0.0341169 -0.584152 -0.812315 -0.435102 0.00258054
0.0340145 -0.587904 -0.80495 -0.441679 0.00243729
0.0339125 -0.595503 -0.8103 -0.436854 0.00252109
0.0338108 -0.590436 -0.804835 -0.434083 0.00263669
0.0337093 -0.595438 -0.805892 -0.443573 0.00235875
0.0336082 -0.599869 -0.812655 -0.440171 0.00257347
0.0335074 -0.591613 -0.80615 -0.444278 0.00239825
0.0334069 -0.585033 -0.803671 -0.430361 0.00253764
0.0333066 -0.581218 -0.797017 -0.434802 0.00258646
0.0332067 -0.578196 -0.791341 -0.434454 0.00295043
0.0331071 -0.574364 -0.795523 -0.433448 0.00274658
0.0330078 -0.581763 -0.802369 -0.432813 0.00276619
0.0329088 -0.580422 -0.794834 -0.432269 0.00263725
0.03281 -0.580614 -0.796412 -0.431421 0.00295826
0.0327116 -0.586166 -0.802435 -0.434072 0.00253511
0.0326135 -0.593201 -0.803635 -0.437569 0.00257861
0.0325156 -0.586221 -0.805294 -0.439714 0.00267085
0.0324181 -0.58372 -0.7981 -0.429998 0.00270932
0.0323208 -0.585119 -0.804403 -0.437844 0.00250334
0.0322239 -0.585728 -0.802823 -0.435339 0.00260259
0.0321272 -0.591666 -0.807893 -0.436695 0.00251131
0.0320308 -0.590916 -0.806543 -0.441178 0.00252754
0.0319347 -0.591775 -0.814136 -0.439417 0.00266288
0.0318389 -0.589727 -0.814784 -0.438133 0.00239276
0.0317434 -0.584629 -0.8152 -0.429329 0.00277911
0.0316482 -0.585897 -0.807483 -0.434793 0.00282237
0.0315532 -0.585709 -0.800672 -0.437127 0.00265971
0.0314586 -0.585709 -0.800672 -0.437127 0.00265971
0.0313642 -0.591103 -0.79761 -0.43887 0.0024972
0.0312701 -0.597366 -0.804027 -0.442168 0.00232511
0.0311763 -0.597096 -0.809439 -0.440503 0.00231641
0.0310827 -0.590893 -0.802146 -0.440906 0.00242699
0.0309895 -0.596406 -0.80775 -0.442418 0.00240572
0.0308965 -0.603574 -0.8134 -0.440911 0.0024146
0.0308038 -0.61064 -0.816649 -0.443914 0.00268489
0.0307114 -0.605202 -0.809446 -0.448463 0.00213877
0.0306193 -0.6083 -0.811056 -0.443825 0.00263579
0.0305274 -0.606145 -0.810255 -0.440482 0.00254703
0.0304359 -0.61304 -0.80425 -0.445114 0.00264583
0.0303445 -0.61304 -0.80425 -0.445114 0.00264583
0.0302535 -0.60935 -0.806318 -0.443904 0.00245371
0.0301628 -0.609451 -0.812419 -0.441842 0.00284913
0.0300723 -0.608092 -0.812001 -0.443848 0.00231797
0.029982 -0.603212 -0.811171 -0.44416 0.00238857
0.0298921 -0.6085 -0.807615 -0.44575 0.00232914
0.0298024 -0.602681 -0.815009 -0.441897 0.0025543
0.029713 -0.602681 -0.815009 -0.441897 0.0025543
0.0296239 -0.600431 -0.815992 -0.44004 0.00277061
0.029535 -0.605534 -0.818817 -0.441884 0.00302039
0.0294464 -0.600604 -0.814762 -0.441684 0.00303511
0.0293581 -0.603609 -0.819528 -0.443075 0.00242901
0.02927 -0.603789 -0.82441 -0.441556 0.00250204
0.0291822 -0.603146 -0.819788 -0.4448 0.00239255
0.0290946 -0.609486 -0.817875 -0.444912 0.00229239
0.0290074 -0.614331 -0.819337 -0.444728 0.00238012
0.0289203 -0.611057 -0.819389 -0.443372 0.00250999
0.0288336 -0.604456 -0.821887 -0.440441 0.00263278
0.0287471 -0.60258 -0.824798 -0.441046 0.00249446
0.0286608 -0.608695 -0.824683 -0.441796 0.00249515
0.0285748 -0.604841 -0.821423 -0.443709 0.00231271
0.0284891 -0.60593 -0.823567 -0.439999 0.00252359
0.0284037 -0.600214 -0.818421 -0.439175 0.00258821
0.0283184 -0.602751 -0.816871 -0.43726 0.00250486
0.0282335 -0.596334 -0.820842 -0.440579 0.00266846
0.0281488 -0.601293 -0.820776 -0.447131 0.00228231
0.0280643 -0.601293 -0.820776 -0.447131 0.00228231
0.0279801 -0.601293 -0.820776 -0.447131 0.00228231
0.0278962 -0.595354 -0.825735 -0.43343 0.00264057
0.0278125 -0.588635 -0.832198 -0.433339 0.00276563
0.0277291 -0.588635 -0.832198 -0.433339 0.00276563
0.0276459 -0.58738 -0.827587 -0.433954 0.0027354
0.027563 -0.586344 -0.831631 -0.433042 0.00261547
0.0274803 -0.588813 -0.829552 -0.434358 0.00257498
0.0273978 -0.585885 -0.826507 -0.436953 0.00258019
0.0273156 -0.588435 -0.820683 -0.437554 0.0025813
0.0272337 -0.586111 -0.826255 -0.434252 0.00268928
0.027152 -0.586111 -0.826255 -0.434252 0.00268928
0.0270705 -0.59113 -0.82878 -0.435007 0.00274925
0.0269893 -0.596166 -0.827397 -0.440551 0.00257234
0.0269083 -0.597768 -0.823415 -0.437102 0.00259646
0.0268276 -0.592086 -0.82049 -0.442225 0.0025397
0.0267471 -0.591812 -0.822532 -0.438938 0.00258551
0.0266669 -0.588924 -0.822777 -0.438856 0.00258154
0.0265869 -0.589163 -0.820232 -0.437755 0.002747
0.0265071 -0.587197 -0.823885 -0.436605 0.00286317
0.0264276 -0.584825 -0.826287 -0.431155 0.00279383
0.0263483 -0.591246 -0.827463 -0.433992 0.00250007
0.0262693 -0.584853 -0.82951 -0.430548 0.00277857
0.0261905 -0.591205 -0.827307 -0.433963 0.00259419
0.0261119 -0.589928 -0.827723 -0.438125 0.00247952
0.0260336 -0.585166 -0.833566 -0.430867 0.00273667
0.0259555 -0.590137 -0.828652 -0.437905 0.00242234
0.0258776 -0.589454 -0.834399 -0.43043 0.00261931
0.0258 -0.584848 -0.834823 -0.428636 0.0031651
0.0257226 -0.585084 -0.829743 -0.436617 0.00265534
0.0256454 -0.588068 -0.827163 -0.43375 0.00284947
0.0255685 -0.594297 -0.823796 -0.436219 0.00250099
0.0254918 -0.592126 -0.822552 -0.440154 0.00236111
0.0254153 -0.587313 -0.824288 -0.437291 0.00250439
0.025339 -0.591655 -0.821066 -0.442789 0.00251157
0.025263 -0.597625 -0.825554 -0.441803 0.00245139
0.0251872 -0.594169 -0.831568 -0.439111 0.00263785
0.0251117 -0.597245 -0.833696 -0.442809 0.00262048
0.0250363 -0.597013 -0.831439 -0.43989 0.00264477
0.0249612 -0.593607 -0.835974 -0.43767 0.00250364
0.0248863 -0.593607 -0.835974 -0.43767 0.00250364
0.0248117 -0.593108 -0.837197 -0.434549 0.00254293
0.0247373 -0.597918 -0.84214 -0.435089 0.00268989
0.024663 -0.592818 -0.839879 -0.435301 0.0028849
0.0245891 -0.587165 -0.83387 -0.435787 0.0027912
0.0245153 -0.583551 -0.831312 -0.429833 0.00262803
0.0244417 -0.579587 -0.836407 -0.431458 0.00273955
0.0243684 -0.579587 -0.836407 -0.431458 0.00273955
0.0242953 -0.579215 -0.842092 -0.422743 0.00287623
0.0242224 -0.58143 -0.838568 -0.425729 0.00283821
0.0241498 -0.584539 -0.84062 -0.428219 0.00322869
0.0240773 -0.587233 -0.835291 -0.43109 0.00271467
0.0240051 -0.581274 -0.840444 -0.426852 0.00268006
0.0239331 -0.583096 -0.841796 -0.428927 0.00274657
0.0238613 -0.577411 -0.837222 -0.423152 0.00280253
0.0237897 -0.579836 -0.838079 -0.429011 0.00278142
0.0237183 -0.580449 -0.840375 -0.428196 0.00288189
0.0236472 -0.577205 -0.839728 -0.422817 0.00306159
0.0235762 -0.572664 -0.838248 -0.425081 0.00299326
0.0235055 -0.572664 -0.838248 -0.425081 0.00299326
0.023435 -0.569565 -0.842116 -0.416453 0.00305967
0.0233647 -0.574855 -0.842575 -0.422651 0.00281317
0.0232946 -0.579561 -0.842162 -0.426744 0.00294078
0.0232247 -0.584643 -0.842218 -0.425159 0.00276989
0.023155 -0.581859 -0.841512 -0.426336 0.00315784
0.0230855 -0.586471 -0.84438 -0.428793 0.00285129
0.0230163 -0.586261 -0.841216 -0.429702 0.00278467
0.0229472 -0.587407 -0.837714 -0.432041 0.002509
0.0228784 -0.582637 -0.833392 -0.42785 0.00262465
0.0228098 -0.587826 -0.832166 -0.434575 0.00244531
0.0227413 -0.583861 -0.837321 -0.43233 0.00263461
0.0226731 -0.586113 -0.832363 -0.428028 0.00274997
0.0226051 -0.582782 -0.832726 -0.433028 0.00271786
0.0225373 -0.587767 -0.831682 -0.42997 0.00276715
0.0224697 -0.589557 -0.833889 -0.433245 0.00280519
0.0224023 -0.592225 -0.829515 -0.436312 0.00264152
0.022335 -0.591042 -0.825152 -0.435509 0.00253676
0.022268 -0.589218 -0.828543 -0.434115 0.00258802
0.0222012 -0.585663 -0.829219 -0.432484 0.00300796
0.0221346 -0.585663 -0.829219 -0.432484 0.00300796
0.0220682 -0.586842 -0.827932 -0.437044 0.00266682
0.022002 -0.585753 -0.832011 -0.43631 0.00253092
0.021936 -0.585987 -0.827803 -0.434665 0.00268287
0.0218702 -0.589352 -0.832993 -0.432857 0.00255705
0.0218046 -0.591686 -0.832331 -0.438456 0.00266781
0.0217392 -0.591686 -0.832331 -0.438456 0.00266781
0.021674 -0.594569 -0.832045 -0.431473 0.00261841
0.0216089 -0.598953 -0.830362 -0.432535 0.00248898
0.0215441 -0.601531 -0.834093 -0.443198 0.00247111
0.0214795 -0.600139 -0.833546 -0.436573 0.0025403
0.021415 -0.60238 -0.831233 -0.444236 0.00246309
0.0213508 -0.607309 -0.827309 -0.440778 0.0025157
0.0212868 -0.605301 -0.823178 -0.444523 0.0026144
0.0212229 -0.60878 -0.827444 -0.44078 0.00257862
0.0211592 -0.606143 -0.827018 -0.445948 0.0026144
0.0210957 -0.6099 -0.826014 -0.440169 0.00281935
0.0210325 -0.612411 -0.823589 -0.438966 0.00322757
0.0209694 -0.607829 -0.823435 -0.44793 0.00240109
0.0209065 -0.607699 -0.822495 -0.441859 0.00241817
0.0208437 -0.610636 -0.822156 -0.443669 0.00231079
0.0207812 -0.608088 -0.825578 -0.436261 0.00327999
0.0207189 -0.608785 -0.827721 -0.439565 0.00305167
0.0206567 -0.608115 -0.83219 -0.437483 0.00302658
0.0205947 -0.612316 -0.83395 -0.438167 0.00284685
0.0205329 -0.617107 -0.832847 -0.44239 0.00282569
0.0204713 -0.620375 -0.830359 -0.44456 0.0027763
0.0204099 -0.623584 -0.828698 -0.439875 0.00299777
0.0203487 -0.627479 -0.833591 -0.442496 0.00284497
0.0202877 -0.628797 -0.836177 -0.441777 0.00264576
0.0202268 -0.628822 -0.837888 -0.438848 0.00298693
0.0201661 -0.629021 -0.832927 -0.439285 0.00354888
0.0201056 -0.628384 -0.834619 -0.440393 0.00271391
0.0200453 -0.623789 -0.83324 -0.441776 0.00269995
0.0199852 -0.618808 -0.834396 -0.441754 0.00253898
0.0199252 -0.619128 -0.833014 -0.443312 0.00255514
0.0198654 -0.619128 -0.833014 -0.443312 0.00255514
0.0198058 -0.618261 -0.830133 -0.440978 0.00265425
0.0197464 -0.616404 -0.830204 -0.439267 0.00275682
0.0196872 -0.612116 -0.828322 -0.445432 0.00264577
0.0196281 -0.615016 -0.831902 -0.44072 0.00292593
0.0195692 -0.611223 -0.831413 -0.44341 0.00237555
0.0195105 -0.608475 -0.833134 -0.440058 0.00264307
0.019452 -0.608471 -0.828423 -0.438041 0.00284428
0.0193936 -0.610596 -0.828805 -0.442072 0.00251483
0.0193355 -0.610738 -0.828697 -0.444198 0.00253888
0.0192775 -0.613176 -0.824483 -0.443302 0.00268442
0.0192196 -0.614593 -0.823665 -0.446431 0.00266907
0.019162 -0.616349 -0.827095 -0.438716 0.00280192
0.0191045 -0.620819 -0.827616 -0.437874 0.00377618
0.0190472 -0.621185 -0.829873 -0.441303 0.00295379
0.01899 -0.62087 -0.833818 -0.437034 0.00284356
0.018933 -0.624313 -0.832051 -0.440605 0.00256399
0.0188762 -0.620286 -0.835243 -0.445195 0.00251827
0.0188196 -0.620688 -0.833438 -0.440165 0.00279283
0.0187632 -0.622244 -0.835061 -0.441387 0.00269279
0.0187069 -0.622325 -0.836847 -0.437846 0.0030119
0.0186508 -0.61922 -0.834615 -0.441246 0.00237566
0.0185948 -0.616727 -0.83037 -0.44074 0.00279733
0.018539 -0.617046 -0.827379 -0.444679 0.00223277
0.0184834 -0.61446 -0.829285 -0.440478 0.00249907
0.0184279 -0.61142 -0.830443 -0.439022 0.00282604
0.0183727 -0.61142 -0.830443 -0.439022 0.00282604
0.0183175 -0.61171 -0.831398 -0.440847 0.00288904
0.0182626 -0.611594 -0.831024 -0.437235 0.00308357
0.0182078 -0.611831 -0.827302 -0.441295 0.00280024
0.0181532 -0.608745 -0.822834 -0.440327 0.00274881
0.0180987 -0.605479 -0.818635 -0.443335 0.00251262
0.0180444 -0.602715 -0.82082 -0.443731 0.00236436
0.0179903 -0.605901 -0.816327 -0.444562 0.00236313
0.0179363 -0.605053 -0.819199 -0.444262 0.00253564
0.0178825 -0.604277 -0.817792 -0.441806 0.00238561
0.0178289 -0.608672 -0.8165 -0.447417 0.00215118
0.0177754 -0.604318 -0.817891 -0.441349 0.002379
0.0177221 -0.6016 -0.813817 -0.445303 0.002164
0.0176689 -0.603209 -0.810108 -0.445779 0.00264009
0.0176159 -0.599036 -0.805905 -0.444192 0.00243887
0.017563 -0.599774 -0.807732 -0.439614 0.00252337
0.0175103 -0.597268 -0.810734 -0.439407 0.00261737
0.0174578 -0.598252 -0.810087 -0.440486 0.00265622
0.0174054 -0.599485 -0.80865 -0.44804 0.00232572
0.0173532 -0.598205 -0.809971 -0.442239 0.00260233
0.0173012 -0.602476 -0.8081 -0.440139 0.00267279
0.0172493 -0.59931 -0.803812 -0.441343 0.00229934
0.0171975 -0.602042 -0.806762 -0.440542 0.00228478
0.0171459 -0.597825 -0.805302 -0.440286 0.00243567
0.0170945 -0.59499 -0.805174 -0.441032 0.00245922
0.0170432 -0.596535 -0.808092 -0.438369 0.00261589
0.0169921 -0.598672 -0.809741 -0.440668 0.00239529
0.0169411 -0.599194 -0.806243 -0.439591 0.00263401
0.0168903 -0.596069 -0.803796 -0.443988 0.00233769
0.0168396 -0.593928 -0.807515 -0.440225 0.00249596
0.0167891 -0.593876 -0.80356 -0.43656 0.00288794
0.0167387 -0.592857 -0.799379 -0.434918 0.00274336
0.0166885 -0.59604 -0.798151 -0.440555 0.0025148
0.0166384 -0.595599 -0.798106 -0.440687 0.00261979
0.0165885 -0.592745 -0.794043 -0.440844 0.00274518
0.0165387 -0.595893 -0.796135 -0.441775 0.00238934
0.0164891 -0.598581 -0.794427 -0.44229 0.00263481
0.0164397 -0.59748 -0.793055 -0.440943 0.00233302
0.0163903 -0.599099 -0.792513 -0.441646 0.00221665
0.0163412 -0.601683 -0.793445 -0.439108 0.00251504
0.0162922 -0.603654 -0.796231 -0.440339 0.00250824
0.0162433 -0.601746 -0.793741 -0.442549 0.00241827
0.0161945 -0.604823 -0.790753 -0.446918 0.00218148
0.016146 -0.606594 -0.792815 -0.445808 0.00212976
0.0160975 -0.607834 -0.794952 -0.446158 0.00217705
0.0160492 -0.605695 -0.797009 -0.441623 0.00264434
0.0160011 -0.609269 -0.793327 -0.439326 0.00268639
0.0159531 -0.606485 -0.79485 -0.44581 0.00223473
0.0159052 -0.609891 -0.795608 -0.441923 0.00227794
0.0158575 -0.613817 -0.799077 -0.447409 0.00255045
0.0158099 -0.617046 -0.796615 -0.443231 0.00234342
0.0157625 -0.61793 -0.799926 -0.445007 0.00250758
0.0157152 -0.615446 -0.802732 -0.448918 0.00227099
0.0156681 -0.61665 -0.8025 -0.442566 0.00252942
0.0156211 -0.620254 -0.803909 -0.442627 0.00268778
0.0155742 -0.617145 -0.803255 -0.446479 0.00247356
0.0155275 -0.617145 -0.803255 -0.446479 0.00247356
0.0154809 -0.616941 -0.803697 -0.438422 0.00301699
0.0154345 -0.614407 -0.807254 -0.443388 0.00236815
0.0153882 -0.61317 -0.804009 -0.446926 0.00214494
0.015342 -0.61694 -0.806443 -0.44204 0.00239533
0.015296 -0.61666 -0.804683 -0.442211 0.00277525
0.0152501 -0.619073 -0.804988 -0.443244 0.00280065
0.0152043 -0.61673 -0.807942 -0.448663 0.00236069
0.0151587 -0.619627 -0.806648 -0.445298 0.00244684
0.0151132 -0.620148 -0.809025 -0.439766 0.00274751
0.0150679 -0.623733 -0.80773 -0.444942 0.00266086
0.0150227 -0.627462 -0.808552 -0.440013 0.00318128
0.0149776 -0.627492 -0.808863 -0.448413 0.00251137
0.0149327 -0.627492 -0.808863 -0.448413 0.00251137
0.0148879 -0.62753 -0.810934 -0.44136 0.00268677
0.0148432 -0.631158 -0.809773 -0.441819 0.00315791
0.0147987 -0.630309 -0.81131 -0.441469 0.00329159
0.0147543 -0.628781 -0.813195 -0.443359 0.00283445
0.01471 -0.627876 -0.809846 -0.443574 0.00277835
0.0146659 -0.624345 -0.807457 -0.439842 0.00312155
0.0146219 -0.627434 -0.808669 -0.442351 0.00273046
0.014578 -0.627434 -0.808669 -0.442351 0.00273046
0.0145343 -0.62837 -0.811497 -0.444975 0.00287668
0.0144907 -0.631661 -0.80789 -0.442019 0.00251165
0.0144472 -0.631252 -0.804804 -0.442725 0.00275161
0.0144039 -0.631252 -0.804804 -0.442725 0.00275161
0.0143607 -0.631028 -0.805459 -0.443604 0.00259559
0.0143176 -0.634102 -0.80419 -0.445564 0.00248926
0.0142746 -0.634102 -0.80419 -0.445564 0.00248926
0.0142318 -0.633036 -0.806225 -0.442862 0.00274102
0.0141891 -0.631133 -0.807862 -0.438873 0.00289722
0.0141466 -0.631579 -0.806511 -0.440339 0.00295485
0.0141041 -0.63118 -0.803492 -0.442713 0.00284136
0.0140618 -0.63118 -0.803492 -0.442713 0.00284136
0.0140196 -0.629109 -0.803302 -0.441419 0.00267322
0.0139776 -0.632157 -0.803995 -0.442835 0.00247063
0.0139356 -0.635007 -0.802441 -0.439712 0.00282436
0.0138938 -0.633161 -0.804199 -0.445654 0.00240736
0.0138521 -0.631791 -0.804444 -0.445608 0.00261592
0.0138106 -0.629488 -0.805046 -0.444594 0.00262392
0.0137692 -0.629066 -0.808202 -0.442792 0.00266602
0.0137278 -0.626819 -0.809918 -0.441215 0.002678
0.0136867 -0.624899 -0.813299 -0.445642 0.00301691
0.0136456 -0.624066 -0.815926 -0.441617 0.00259851
0.0136047 -0.625084 -0.817327 -0.443821 0.00281776
0.0135639 -0.624313 -0.820258 -0.442809 0.00303159
0.0135232 -0.621922 -0.821423 -0.440306 0.00261996
0.0134826 -0.622124 -0.822164 -0.442743 0.00268199
0.0134421 -0.619496 -0.821253 -0.443361 0.00284909
0.0134018 -0.620358 -0.819203 -0.44154 0.00275771
0.0133616 -0.618012 -0.817716 -0.439145 0.00276494
0.0133215 -0.618091 -0.814603 -0.443025 0.00284976
0.0132816 -0.615958 -0.815175 -0.44067 0.00250031
0.0132417 -0.615656 -0.814424 -0.443629 0.00266388
0.013202 -0.617069 -0.81397 -0.442819 0.0027189
0.0131624 -0.620135 -0.812299 -0.442232 0.00281267
0.0131229 -0.623249 -0.812864 -0.441468 0.00285606
0.0130835 -0.624959 -0.815204 -0.43886 0.00299263
0.0130443 -0.622659 -0.812405 -0.444863 0.00235176
0.0130051 -0.620291 -0.811395 -0.439507 0.00264525
0.0129661 -0.62109 -0.80836 -0.443046 0.00258209
0.0129272 -0.622696 -0.811342 -0.444935 0.00264977
0.0128885 -0.622696 -0.811342 -0.444935 0.00264977
0.0128498 -0.622947 -0.809222 -0.443189 0.00249618
0.0128112 -0.621125 -0.81238 -0.442583 0.00262925
0.0127728 -0.620243 -0.811152 -0.44665 0.00230054
0.0127345 -0.620243 -0.811152 -0.44665 0.00230054
0.0126963 -0.617954 -0.808807 -0.444936 0.00252643
0.0126582 -0.615066 -0.810408 -0.446425 0.00231736
0.0126202 -0.613061 -0.81017 -0.441715 0.00262035
0.0125824 -0.609923 -0.812361 -0.440683 0.00242607
0.0125446 -0.61266 -0.813416 -0.437545 0.0034021
0.012507 -0.615393 -0.814219 -0.43873 0.00269019
0.0124695 -0.613107 -0.813987 -0.444132 0.00229508
0.012432 -0.614012 -0.81633 -0.443611 0.00254224
0.0123948 -0.612305 -0.816059 -0.443401 0.00263046
0.0123576 -0.610354 -0.816627 -0.445781 0.00239471
0.0123205 -0.613073 -0.817336 -0.442035 0.00235242
0.0122835 -0.614815 -0.817326 -0.445721 0.00232251
0.0122467 -0.613502 -0.819009 -0.441248 0.00288104
0.0122099 -0.615858 -0.816575 -0.445998 0.00275051
0.0121733 -0.613306 -0.816921 -0.443963 0.00245791
0.0121368 -0.611735 -0.816827 -0.446092 0.00243585
0.0121004 -0.613259 -0.815333 -0.446919 0.00206305
0.0120641 -0.611588 -0.81237 -0.448334 0.00254282
0.0120279 -0.609438 -0.812018 -0.445032 0.00248717
0.0119918 -0.609737 -0.810725 -0.44523 0.00227235
0.0119558 -0.609348 -0.810095 -0.444141 0.00249246
0.01192 -0.609277 -0.809803 -0.444061 0.0022721
0.0118842 -0.609277 -0.809803 -0.444061 0.0022721
0.0118486 -0.609277 -0.809803 -0.444061 0.0022721
0.011813 -0.611868 -0.808071 -0.444537 0.00233809
0.0117776 -0.612318 -0.806303 -0.442934 0.00230804
0.0117422 -0.615144 -0.804364 -0.443339 0.0026713
0.011707 -0.615255 -0.802593 -0.447748 0.00230586
0.0116719 -0.612519 -0.803398 -0.447614 0.00224579
0.0116369 -0.613174 -0.805277 -0.44344 0.00233012
0.011602 -0.614516 -0.803536 -0.443852 0.00233871
0.0115672 -0.614846 -0.803991 -0.443001 0.00239787
0.0115325 -0.614724 -0.802724 -0.441005 0.00235134
0.0114979 -0.614414 -0.80113 -0.445613 0.00230832
0.0114634 -0.612432 -0.803827 -0.444576 0.00255957
0.011429 -0.61038 -0.804737 -0.441564 0.00282386
0.0113947 -0.608031 -0.804144 -0.44971 0.00209442
0.0113605 -0.608031 -0.804144 -0.44971 0.00209442
0.0113264 -0.606793 -0.80633 -0.446033 0.00223022
0.0112924 -0.609195 -0.808854 -0.447793 0.00225816
0.0112586 -0.606673 -0.807993 -0.441172 0.00273131
0.0112248 -0.604578 -0.809356 -0.440635 0.00241403
0.0111911 -0.605666 -0.810289 -0.444637 0.00232641
0.0111575 -0.608436 -0.807957 -0.448304 0.00217586
0.0111241 -0.608436 -0.807957 -0.448304 0.00217586
0.0110907 -0.608436 -0.807957 -0.448304 0.00217586
0.0110574 -0.608436 -0.807957 -0.448304 0.00217586
0.0110242 -0.608436 -0.807957 -0.448304 0.00217586
0.0109912 -0.606516 -0.806441 -0.445257 0.00229305
0.0109582 -0.604358 -0.808211 -0.441819 0.00243793
0.0109253 -0.605883 -0.806041 -0.444316 0.00287269
0.0108926 -0.605883 -0.806041 -0.444316 0.00287269
0.0108599 -0.607733 -0.80357 -0.440677 0.00225702
0.0108273 -0.605159 -0.80478 -0.44635 0.00237007
0.0107948 -0.606245 -0.804335 -0.44172 0.00264643
0.0107624 -0.607918 -0.804791 -0.443414 0.00227481
0.0107301 -0.60623 -0.804193 -0.444408 0.00245724
0.010698 -0.607223 -0.804451 -0.445556 0.00231139
0.0106659 -0.607449 -0.802338 -0.44405 0.00243882
0.0106339 -0.60869 -0.804582 -0.44465 0.0023845
0.010602 -0.611296 -0.802126 -0.444289 0.00260664
0.0105702 -0.61214 -0.803284 -0.445196 0.002341
0.0105384 -0.609818 -0.803589 -0.445763 0.00287521
0.0105068 -0.61146 -0.803557 -0.442333 0.00245468
0.0104753 -0.613599 -0.805393 -0.445327 0.00255422
0.0104439 -0.612263 -0.803855 -0.445443 0.00224967
0.0104125 -0.612099 -0.805758 -0.443829 0.00254886
0.0103813 -0.612986 -0.804627 -0.447549 0.0022343
0.0103502 -0.612704 -0.805012 -0.447432 0.00212287
0.0103191 -0.613195 -0.806389 -0.442729 0.00242104
0.0102882 -0.61311 -0.805787 -0.443788 0.00244986
0.0102573 -0.614393 -0.804212 -0.445375 0.00259182
0.0102265 -0.616185 -0.801793 -0.448508 0.00217492
0.0101958 -0.615381 -0.800471 -0.446972 0.00253921
0.0101653 -0.615625 -0.799082 -0.448287 0.00208098
0.0101348 -0.615625 -0.799082 -0.448287 0.00208098
0.0101044 -0.615625 -0.799082 -0.448287 0.00208098
0.010074 -0.617508 -0.79729 -0.443703 0.00268161
0.0100438 -0.615368 -0.798059 -0.44242 0.00231596
0.0100137 -0.614348 -0.79625 -0.447103 0.00224933
