3.07692 3.07692 0
3.07692 3.07692 0
3.15315 3.10233 0.02541
3.28638 3.14835 0.0493966
3.11804 3.14228 0.0387396
3.30189 3.16889 0.0413289
3.05011 3.15192 0.0388326
3.28638 3.16873 0.0375966
3.09051 3.16003 0.0342772
3.13901 3.15793 0.0307304
3.09735 3.15242 0.0283371
3.16742 3.15367 0.0258983
3.24826 3.16095 0.0249093
3.23326 3.16611 0.0236328
3.15315 3.16525 0.0220179
3.04348 3.15764 0.0219571
3.05677 3.15171 0.0214616
3.0303 3.14496 0.0213287
3.19635 3.14767 0.0203554
3.11804 3.14618 0.0193675
3.07692 3.14289 0.0187151
3.27103 3.14871 0.0187707
3.05677 3.14471 0.0183761
3.05677 3.14105 0.0179714
3.01075 3.13584 0.0180082
3.24826 3.14016 0.0178339
3.06346 3.13732 0.0173942
3.25581 3.14155 0.0172874
3.25581 3.14549 0.0171397
3.21839 3.14792 0.0167359
3.19635 3.14948 0.0162622
3.11804 3.1485 0.0157764
3.25581 3.15175 0.0156328
3.125 3.15097 0.0151865
3.16742 3.15144 0.0147537
3.15315 3.15148 0.0143381
3.02376 3.14803 0.0143661
3.00429 3.14425 0.0144856
3.20366 3.14577 0.0141912
3.05677 3.14355 0.0140098
3.0837 3.14209 0.0137415
3.1746 3.14286 0.0134327
3.125 3.14245 0.0131232
3.16027 3.14285 0.0128278
3.11111 3.14215 0.0125593
3.21839 3.1438 0.0123946
3.09051 3.14267 0.0121809
3.31754 3.14631 0.0124685
3.20366 3.14748 0.0122674
2.97872 3.14411 0.0124844
2.89256 3.13918 0.0131938
3.39806 3.14415 0.0138624
3.33333 3.14772 0.014059
3.25581 3.14973 0.0139406
3.31754 3.15278 0.0140208
3.09051 3.15167 0.013813
3.13901 3.15144 0.0135703
3.00429 3.14891 0.0135735
3.06346 3.14746 0.0134199
3.1746 3.14791 0.0132021
2.99145 3.14535 0.0132347
2.94737 3.14215 0.0134054
3.05677 3.1408 0.0132603
3.19635 3.14166 0.0130803
3.20366 3.14262 0.0129128
3.50877 3.14817 0.0138732
2.97872 3.14564 0.0138966
3.125 3.14533 0.0136941
3.20366 3.14618 0.0135206
2.94737 3.14334 0.0136254
3.11804 3.14298 0.0134368
3.09735 3.14235 0.013264
3.18907 3.14299 0.0130967
2.94118 3.14026 0.0132032
3.28638 3.14221 0.0131709
2.94737 3.13965 0.0132469
3.23326 3.14086 0.0131301
3.13901 3.14084 0.0129607
3.21839 3.14182 0.0128332
3.34928 3.14441 0.0129344
3.03688 3.14309 0.0128425
3.06346 3.14211 0.0127221
3.15315 3.14225 0.0125686
3.16742 3.14255 0.0124217
3.16027 3.14276 0.0122764
3.07692 3.14199 0.012157
3.0837 3.14132 0.0120351
3.11111 3.14098 0.0119025
3.04348 3.13988 0.0118189
3.30969 3.14177 0.0118381
3.2634 3.1431 0.0117834
3.24826 3.14425 0.0117105
3.04348 3.14316 0.0116345
3.13199 3.14305 0.0115106
3.07018 3.14228 0.0114146
3.11111 3.14195 0.0112998
3.1746 3.14229 0.0111877
3.30189 3.14392 0.0111921
3.10421 3.14352 0.0110857
3.10421 3.14312 0.0109814
