#     BLOCK:   ACTUAL_TE:    TE_AVE:      ERROR:
           1    -3.37338    -3.37338           0
           2    -3.37906    -3.37622  0.00200878
           3    -3.37656    -3.37633   0.0013423
           4    -3.37747    -3.37662  0.00103654
           5    -3.37795    -3.37689 0.000862721
           6    -3.37687    -3.37688 0.000718939
           7    -3.38122     -3.3775 0.000842047
           8    -3.38169    -3.37803 0.000884297
           9    -3.37847    -3.37807 0.000787394
          10    -3.38172    -3.37844 0.000788691
          11    -3.38005    -3.37859 0.000730384
          12    -3.37803    -3.37854 0.000670963
          13    -3.37664    -3.37839 0.000635027
          14    -3.37736    -3.37832  0.00059395
          15    -3.37922    -3.37838 0.000557358
          16    -3.37542    -3.37819 0.000552314
          17    -3.37923    -3.37826 0.000523177
          18    -3.37906     -3.3783  0.00049603
          19    -3.38083    -3.37843 0.000487441
          20    -3.38449    -3.37874 0.000549015
          21    -3.37915    -3.37876 0.000523231
          22    -3.37735    -3.37869 0.000503343
          23    -3.37701    -3.37862 0.000486763
          24    -3.37456    -3.37845 0.000494949
          25    -3.37585    -3.37835 0.000485965
          26    -3.37651    -3.37828 0.000472386
          27    -3.37563    -3.37818 0.000464963
          28    -3.37557    -3.37808 0.000457553
          29    -3.37269     -3.3779 0.000478136
          30     -3.3782    -3.37791 0.000462301
          31    -3.37582    -3.37784  0.00045228
          32    -3.37688    -3.37781 0.000439148
          33    -3.37761     -3.3778 0.000425881
          34    -3.37865    -3.37783 0.000414089
          35    -3.37923    -3.37787 0.000404191
          36       -3.38    -3.37793  0.00039728
          37    -3.37743    -3.37792 0.000386768
          38    -3.38094    -3.37799 0.000384673
          39    -3.37962    -3.37804 0.000377052
          40    -3.37969    -3.37808 0.000369888
          41    -3.37931    -3.37811 0.000362087
          42    -3.38006    -3.37815 0.000356423
          43    -3.38015     -3.3782 0.000351136
          44    -3.37924    -3.37822 0.000343953
          45    -3.38327    -3.37834 0.000354113
          46    -3.37816    -3.37833 0.000346435
          47    -3.37678     -3.3783 0.000340639
          48    -3.37729    -3.37828 0.000334187
          49    -3.37544    -3.37822  0.00033236
          50    -3.37508    -3.37816 0.000331578
          51    -3.37722    -3.37814 0.000325586
          52    -3.37816    -3.37814 0.000319325
          53    -3.37628     -3.3781 0.000315221
          54     -3.3756    -3.37806 0.000312783
          55     -3.3735    -3.37798 0.000317895
          56    -3.37595    -3.37794 0.000314272
          57    -3.37684    -3.37792 0.000309355
          58    -3.37847    -3.37793 0.000304166
          59     -3.3776    -3.37792 0.000299063
          60    -3.37724    -3.37791 0.000294295
          61    -3.38009    -3.37795 0.000291635
          62    -3.37765    -3.37794 0.000286971
          63    -3.38222    -3.37801 0.000290344
          64    -3.38124    -3.37806 0.000290147
          65    -3.37779    -3.37806 0.000285713
          66    -3.37997    -3.37809 0.000282848
          67    -3.38155    -3.37814 0.000283303
          68    -3.37898    -3.37815 0.000279406
          69    -3.38177     -3.3782 0.000280242
          70    -3.38341    -3.37828 0.000285927
          71     -3.3831    -3.37835 0.000289846
          72       -3.38    -3.37837 0.000286733
          73     -3.3794    -3.37838 0.000283152
          74    -3.37913    -3.37839 0.000279507
          75    -3.38092    -3.37843 0.000277806
          76    -3.37681     -3.3784 0.000274964
          77    -3.38067    -3.37843 0.000272956
          78     -3.3747    -3.37839 0.000273613
          79    -3.37633    -3.37836  0.00027138
          80     -3.3765    -3.37834 0.000268983
          81     -3.3749    -3.37829 0.000268998
          82     -3.3749    -3.37825 0.000268883
          83    -3.37545    -3.37822  0.00026776
          84    -3.37667     -3.3782 0.000265207
          85    -3.37546    -3.37817 0.000264036
          86    -3.37513    -3.37813 0.000263318
          87    -3.37827    -3.37814 0.000260297
          88    -3.37636    -3.37812 0.000258121
          89    -3.37845    -3.37812 0.000255249
          90    -3.37975    -3.37814 0.000253057
          91    -3.38021    -3.37816 0.000251299
          92     -3.3819     -3.3782 0.000251832
          93    -3.37748    -3.37819 0.000249242
          94     -3.3815    -3.37823  0.00024906
          95    -3.37565     -3.3782 0.000247909
          96    -3.37697    -3.37819 0.000245658
          97     -3.3787    -3.37819 0.000243182
          98    -3.37917     -3.3782 0.000240904
          99    -3.37677    -3.37819 0.000238903
         100    -3.37869    -3.37819 0.000236567
         101    -3.37792    -3.37819  0.00023424
         102    -3.37752    -3.37818 0.000232036
         103    -3.37875    -3.37819 0.000229849
         104    -3.37469    -3.37816 0.000230092
         105    -3.37452    -3.37812 0.000230487
         106    -3.37363    -3.37808 0.000232167
         107    -3.37728    -3.37807 0.000230118
         108    -3.37408    -3.37803 0.000230936
         109    -3.37597    -3.37802 0.000229592
         110    -3.37558    -3.37799 0.000228572
         111    -3.37559    -3.37797 0.000227537
         112     -3.3793    -3.37798 0.000225813
         113    -3.37837    -3.37799  0.00022384
         114    -3.37825    -3.37799 0.000221889
         115    -3.37472    -3.37796 0.000221773
         116    -3.37411    -3.37793 0.000222327
         117     -3.3783    -3.37793  0.00022045
         118    -3.37807    -3.37793 0.000218585
         119    -3.38019    -3.37795 0.000217571
         120    -3.38033    -3.37797 0.000216657
         121    -3.37957    -3.37798  0.00021527
         122    -3.37926    -3.37799 0.000213761
         123    -3.38034    -3.37801 0.000212871
         124    -3.38561    -3.37808 0.000219793
         125    -3.38499    -3.37813 0.000224881
         126    -3.38185    -3.37816  0.00022503
         127    -3.37632    -3.37815 0.000223724
         128    -3.37773    -3.37814    0.000222
         129    -3.37704    -3.37813 0.000220444
         130    -3.37619    -3.37812 0.000219254
         131    -3.38021    -3.37813 0.000218159
         132    -3.37589    -3.37812 0.000217167
         133     -3.3752     -3.3781 0.000216641
         134    -3.37555    -3.37808 0.000215857
         135    -3.37518    -3.37806 0.000215326
         136    -3.37262    -3.37802 0.000217421
         137    -3.36907    -3.37795 0.000225433
         138    -3.37091     -3.3779 0.000229505
         139    -3.37294    -3.37786 0.000230608
         140    -3.37481    -3.37784 0.000229992
         141    -3.37387    -3.37781  0.00023008
         142    -3.37326    -3.37778 0.000230686
         143    -3.37417    -3.37776 0.000230451
         144    -3.37684    -3.37775 0.000228939
         145    -3.38111    -3.37777  0.00022853
         146    -3.37828    -3.37778 0.000226991
         147    -3.37568    -3.37776 0.000225895
         148    -3.37782    -3.37776 0.000224369
         149    -3.37574    -3.37775 0.000223274
         150      -3.378    -3.37775 0.000221792
         151    -3.38234    -3.37778 0.000222392
         152    -3.37773    -3.37778 0.000220929
         153    -3.38248    -3.37781 0.000221614
         154    -3.38345    -3.37785  0.00022318
         155    -3.37998    -3.37786 0.000222163
         156    -3.37949    -3.37787 0.000220984
         157    -3.37695    -3.37787 0.000219654
         158    -3.37944    -3.37788 0.000218488
         159    -3.37851    -3.37788 0.000217151
         160    -3.37308    -3.37785 0.000217859
         161    -3.38014    -3.37786 0.000216969
         162    -3.38091    -3.37788 0.000216445
         163    -3.37988     -3.3779 0.000215465
         164    -3.37531    -3.37788 0.000214729
         165     -3.3757    -3.37787 0.000213833
         166     -3.3776    -3.37786  0.00021255
         167     -3.3785    -3.37787 0.000211312
         168     -3.3778    -3.37787 0.000210054
         169    -3.37789    -3.37787 0.000208811
         170    -3.37485    -3.37785 0.000208338
         171    -3.37867    -3.37786 0.000207175
         172    -3.37538    -3.37784 0.000206469
         173    -3.37729    -3.37784   0.0002053
         174     -3.3758    -3.37783 0.000204454
         175    -3.38003    -3.37784 0.000203673
         176    -3.37958    -3.37785 0.000202755
         177    -3.37806    -3.37785 0.000201613
         178    -3.37741    -3.37785 0.000200496
         179    -3.37744    -3.37784 0.000199389
         180    -3.37545    -3.37783 0.000198725
         181    -3.37692    -3.37783 0.000197691
         182      -3.378    -3.37783 0.000196607
         183    -3.37842    -3.37783 0.000195559
         184    -3.38057    -3.37785 0.000195062
         185     -3.3834    -3.37788 0.000196307
         186    -3.38067    -3.37789 0.000195827
         187    -3.38231    -3.37791 0.000196199
         188    -3.38207    -3.37794 0.000196397
         189    -3.38238    -3.37796  0.00019676
         190    -3.37979    -3.37797 0.000195961
         191    -3.37996    -3.37798 0.000195213
         192    -3.37735    -3.37798 0.000194224
         193    -3.38108    -3.37799 0.000193881
         194    -3.37898      -3.378 0.000192948
         195    -3.37886      -3.378 0.000192009
         196    -3.37859    -3.37801 0.000191053
         197    -3.37796    -3.37801 0.000190083
         198    -3.37925    -3.37801 0.000189227
         199    -3.37894    -3.37802 0.000188334
         200    -3.37882    -3.37802 0.000187435
