3.26
3.74
3.06
3.83
3.44
3.34
3.58
3.43
3.84
3.8
3.41
3.66
3.55
3.6
3.39
3.81
3.58
3.41
3.57
3.31
3.43
3.44
3.46
3.62
3.7
3.56
3.67
3.63
3.63
3.55
3.42
3.42
3.8
3.25
3.42
3.5
3.71
3.45
3.52
3.33
3.53
3.51
3.49
3.3
3.47
3.46
3.38
3.46
3.61
3.42
3.51
3.37
3.64
3.36
3.43
3.45
3.65
3.36
3.4
3.56
3.12
3.78
3.51
3.57
3.65
3.55
3.83
3.44
3.65
3.98
3.6
3.57
3.63
3.13
3.54
3.68
3.32
3.78
3.68
3.61
3.85
3.69
3.38
3.49
3.24
3.53
3.48
3.3
3.39
3.59
3.03
3.3
3.38
3.47
3.3
3.44
3.58
3.32
3.36
3.53
3.48
3.16
3.62
3.27
3.31
3.35
3.57
3.5
3.47
3.57
3.43
3.72
3.55
3.44
3.39
3.63
3.4
3.71
3.59
3.35
3.63
3.4
3.48
3.48
3.48
3.23
3.33
3.39
3.77
3.95
3.43
3.41
3.65
3.37
3.54
3.44
3.55
3.69
3.28
3.44
3.26
3.64
3.49
3.04
3.79
3.3
3.67
3.6
3.44
3.57
3.54
3.61
3.81
3.96
3.64
3.62
3.79
3.66
3.65
3.51
3.45
3.58
3.57
3.53
3.46
3.29
3.54
3.5
3.53
3.42
3.52
3.58
3.8
3.41
3.53
3.42
3.5
3.56
3.48
3.42
3.38
3.34
3.89
3.56
3.49
3.5
3.31
3.88
3.69
3.67
3.27
3.35
3.32
3.54
3.6
3.85
3.45
3.6
3.7
3.36
3.46
3.61
3.68
3.41
3.31
3.44
3.63
3.55
3.51
3.53
3.53
3.78
3.44
3.71
3.49
3.58
3.62
3.33
3.61
3.47
3.51
3.45
3.43
3.75
3.31
3.23
3.54
3.43
3.17
3.36
3.7
3.55
3.38
3.38
3.59
3.27
3.43
3.25
3.24
3.53
3.43
3.8
3.36
3.35
3.2
3.96
3.58
3.58
3.35
3.57
3.24
3.68
3.26
3.61
3.34
3.12
3.26
3.21
3.66
3.34
3.41
3.46
3.47
3.45
3.24
3.37
3.61
3.55
3.51
3.6
3.62
3.31
3.71
2.99
3.51
3.5
3.13
3.45
3.78
3.65
3.66
3.61
3.39
3.17
3.39
3.61
3.66
3.24
3.49
3.72
3.23
3.67
3.54
3.38
3.46
3.4
3.69
3.25
3.76
3.64
3.52
3.47
3.4
3.41
3.26
3.51
3.58
3.53
3.34
3.53
3.39
3.46
3.59
3.49
3.54
3.32
3.55
3.76
3.45
3.19
3.09
3.7
3.78
3.58
3.54
3.45
3.57
3.51
3.5
3.31
3.7
3.6
3.49
3.49
3.45
3.61
3.26
3.61
3.27
3.41
3.34
3.45
3.57
3.55
3.8
3.7
3.81
3.6
3.7
3.52
3.42
3.7
3.85
3.23
3.52
3.3
3.62
3.63
3.61
3.29
3.62
3.62
3.27
3.19
3.77
3.41
3.77
3.51
3.69
3.52
3.95
3.65
3.57
3.51
3.57
3.39
3.55
3.28
3.66
3.37
3.52
3.37
3.61
3.4
3.37
3.54
3.59
3.32
3.53
3.52
3.61
3.84
3.67
3.56
3.47
3.62
3.25
3.3
3.41
3.47
3.48
3.73
3.63
3.71
3.43
3.46
3.68
3.61
3.59
3.67
3.55
3.45
3.26
3.74
3.73
3.76
3.68
3.55
3.48
3.54
3.63
3.62
3.8
3.58
3.64
3.53
3.53
3.52
3.52
3.22
3.31
3.31
3.4
3.79
3.38
3.49
3.4
3.58
3.69
3.45
3.23
3.2
3.64
3.45
3.61
3.6
3.47
3.23
3.44
3.61
3.55
3.65
3.51
3.65
3.56
3.48
3.45
3.76
3.48
3.31
3.4
3.37
3.4
3.91
3.5
3.47
3.53
3.41
3.7
3.5
3.76
3.49
3.47
3.28
3.66
3.48
3.67
3.26
3.65
3.82
3.54
3.63
3.56
3.42
3.35
3.6
3.52
3.4
3.45
3.19
3.79
3.57
3.17
3.75
3.84
3.48
3.78
3.62
3.72
3.58
3.41
3.72
3.45
3.5
3.65
3.72
3.4
3.4
3.63
3.29
3.64
3.55
3.45
3.5
3.41
3.9
3.3
3.67
3.08
3.23
3.33
3.32
3.5
3.78
3.52
3.67
3.35
3.33
3.49
3.34
3.37
3.57
3.53
3.48
3.48
3.5
3.68
3.68
3.43
3.55
3.33
3.53
3.38
3.43
3.49
3.31
3.49
3.48
3.89
3.27
3.28
3.56
3.72
3.68
3.61
3.24
3.49
3.35
3.51
3.53
3.5
3.56
3.71
3.76
3.49
3.72
3.86
3.58
3.55
3.38
3.54
4.01
3.58
3.27
3.55
3.75
3.44
3.42
3.91
3.58
3.73
3.55
3.56
3.35
3.57
3.66
3.62
3.21
3.4
3.56
3.9
3.71
3.45
3.5
3.41
3.36
3.3
3.55
3.52
3.47
3.71
3.35
3.61
3.59
3.49
3.61
3.74
3.34
3.49
3.49
3.66
3.51
3.53
3.61
3.69
3.76
3.84
3.47
3.77
3.28
3.72
3.35
3.7
3.38
3.48
3.5
3.49
3.76
3.75
3.23
3.55
3.61
3.4
3.36
3.46
3.54
3.35
3.65
3.5
3.51
3.75
3.62
3.65
3.41
3.56
3.5
3.42
3.55
3.61
3.41
3.35
3.35
3.4
3.58
3.99
3.26
3.69
3.58
3.75
3.7
3.43
3.68
3.49
3.85
3.62
3.45
3.57
3.37
3.59
3.66
3.44
3.15
3.67
3.47
3.33
3.33
3.12
3.44
3.26
3.7
3.37
3.28
3.68
3.54
3.74
3.35
3.18
3.23
3.51
3.47
3.34
3.76
3.4
3.78
3.24
3.66
3.78
3.47
3.26
3.3
3.69
3.39
3.63
3.24
3.56
3.69
3.51
3.1
3.59
3.58
3.21
3.18
3.45
3.09
3.37
3.41
3.48
3.3
3.6
3.21
3.57
3.94
3.45
3.43
3.59
3.3
3.34
3.16
3.38
3.58
3.37
3.67
3.63
3.44
3.26
3.91
3.27
3.61
3.53
3.4
3.53
3.65
3.72
3.67
3.61
3.36
3.69
3.51
3.47
3.09
3.48
3.74
3.57
3.16
3.71
3.33
3.39
3.43
3.35
3.22
3.71
3.62
3.43
3.41
3.61
3.4
3.58
3.34
3.56
3.63
3.61
3.55
3.81
3.77
3.62
3.94
3.21
3.64
3.43
3.24
3.46
3.35
3.47
3.46
3.44
3.65
3.33
3.74
3.88
3.4
3.52
3.59
3.61
3.37
3.65
3.8
3.46
3.6
3.69
3.68
3.45
3.24
3.49
3.73
3.62
3.59
3.34
3.47
3.31
3.59
3.39
3.13
3.28
3.4
3.45
3.48
3.26
3.53
3.45
3.37
3.23
3.52
3.88
3.66
3.59
3.38
3.65
3.43
3.45
3.27
3.47
3.51
3.07
3.52
3.54
3.27
3.47
3.36
3.43
3.57
3.46
3.27
3.19
3.44
3.38
3.62
3.56
3.75
3.33
3.41
3.62
3.37
3.77
3.31
3.34
3.56
3.47
3.61
3.4
3.52
3.57
3.43
3.46
3.28
3.38
3.8
3.83
4.21
3.4
3.58
3.62
3.57
3.8
3.3
3.56
3.35
3.69
3.43
3.48
3.48
3.28
3.77
3.6
3.57
3.25
3.36
3.36
3.38
3.75
3.56
3.22
3.45
3.53
3.78
3.31
3.24
3.88
3.49
3.64
3.64
3.55
3.45
3.45
3.87
3.49
3.35
3.58
3.35
3.58
3.72
3.29
3.69
3.15
3.44
3.7
3.5
3.48
3.55
3.37
3.33
3.37
3.63
3.46
3.52
3.59
3.52
3.42
3.56
3.75
3.65
3.59
3.44
3.33
3.57
3.46
3.51
3.69
3.33
3.6
3.49
3.48
3.32
3.35
3.22
3.5
3.57
3.27
3.85
3.63
3.47
3.59
3.65
3.45
3.52
3.49
3.55
3.24
3.43
3.53
3.48
3.43
4
3.59
3.36
3.7
3.58
3.65
3.58
3.72
3.31
3.08
4.18
3.32
3.25
3.21
3.41
3.39
3.36
3.26
3.64
3.61
3.79
3.82
3.72
3.36
3.71
3.49
3.71
3.6
3.49
3.29
3.69
3.8
3.2
3.29
3.5
3.44
3.69
3.55
3.35
