        0.642083        0.469326         2.01242
        -1.35785        0.568386        -1.00534
        -1.27477        -1.66938        -2.36819
         1.44488       -0.284294        -1.32665
        0.509974        0.566816        -0.56724
         1.10704       -0.974314       -0.803983
       -0.431169        -1.16346        -0.99354
       -0.581411        0.488224         1.15411
       -0.754468       0.0631346        -1.07446
        0.371978        -1.33253        -2.22573
        0.207701       -0.548736         0.67372
        -0.52427        0.995435        -2.18108
         2.55654        0.300569       -0.133929
        -0.21275        -1.80991       -0.765267
       0.0580552       -0.355619        0.107188
        -1.39411        0.388837        0.159923
        0.713517       0.0898719       -0.017321
         -0.6732        -2.11913        0.534076
       -0.739226        0.328959       -0.544872
         2.02979         1.47719        0.272599
        0.993247      -0.0925851         2.64368
        0.231025        0.366849        0.817867
         1.51821        -1.10944         1.00837
        0.343797        0.620582       -0.138771
        -1.23909       -0.706726      -0.0927906
       -0.693961      -0.0833241         2.27946
        -1.82791        -1.98765       -0.381127
         -1.2836       -0.538807       -0.559311
        0.257749       -0.394344        0.891386
        0.864672         -1.7565        0.217486
        0.199288        -1.97534        -1.26977
        0.640593        0.912649        0.747238
         1.81124       -0.245663       -0.367078
       -0.835583       -0.901671        -1.14042
         1.06907         1.54948        0.941784
        -1.92187       -0.545724         2.54578
        0.985684       -0.359848         0.73578
       -0.936196         1.37132        0.689258
        0.491137         1.84807       -0.360489
       -0.911517        -0.39608       -0.521271
         1.90044         1.43732        0.681827
        0.264714         2.42405        0.272621
        -2.24385        0.709705       -0.910189
        0.468526       -0.181465        0.831812
        -2.55782         1.21458       -0.120923
        0.728124       0.0784508        0.727184
        -1.02683        -0.80047         0.75196
       0.0561567         0.15132        0.557291
        0.762798        -1.10388        0.338468
         1.79067       -0.664901        -1.26169
       -0.493426       -0.250336        0.139094
        0.110671       -0.157479        -1.10374
        -2.36307        0.766427        0.634092
        0.833818         1.31056       -0.944871
          1.6239      0.00215126         2.11332
        0.864688       -0.128129        0.197426
        -1.39095         1.12678        0.158485
       -0.274565        -1.34781       -0.304065
         1.36216        0.396124         0.23275
        -2.13926       -0.421882       -0.402387
        -1.05819        0.187052        -1.79645
       -0.624083       0.0352545       -0.694764
          0.9075        0.138246        -1.23846
        -2.11263          1.5706        -1.65441
       -0.764956        -1.40972        0.284049
      -0.0122082         1.06142         1.11221
       -0.352506        -1.01693        -1.51683
         -2.4338       -0.395991        0.128071
       0.0413186        -2.58796       -0.826279
         2.50141        -0.91183       -0.413777
        0.275981      0.00190269      -0.0711759
       -0.659035         1.21976       -0.142613
        -1.64521        -2.47881         1.16414
       -0.190213        0.227988       -0.564228
        0.890145        -1.20567        0.388634
       -0.145201         1.91491        0.687167
          1.0207        -1.81616        -1.39085
         1.01629         1.18304         -1.5145
         1.32421        0.203971         1.45705
        0.310138         2.13921       -0.581268
        0.535322        0.302654         1.37002
         1.14448        0.888176        0.966062
          -1.403        0.109297      -0.0271159
       -0.938089        -2.05097       -0.999528
        0.475782         1.26718        0.639059
        -1.38029       -0.109375        -1.01898
       0.0992124       -0.588266       -0.748877
          1.2604         1.92697       -0.695792
       -0.341241         1.41003        -1.35477
       -0.469627         1.83844        0.813613
       -0.671448        -2.44072         0.39479
        0.914814        -1.25231        -1.67053
        0.325386     -0.00672217        0.938322
        -1.12435      -0.0757344          1.3882
         1.43746       -0.627868        -1.52077
        0.586485        0.664879       -0.842375
       0.0217014        0.544222        -1.13657
        -1.15006       -0.696665         1.51548
       -0.352341        0.905649         2.05484
        0.833762        0.780811        0.872144
       -0.108592        0.084241         1.14693
         1.69707        0.864831        0.196509
        0.188236         1.76122         2.65842
        0.144712        -1.27176        0.149752
        0.193643        -1.27621      -0.0305599
         1.27314        0.579507        -1.38118
        0.473801         1.88288         1.65722
        -1.68726        0.909617       -0.332005
