492.261
464.356
445.035
424.752
401.066
378.792
365.398
355.25
344.512
335.497
329.777
323.461
316.951
311.069
308.006
301.988
297.115
291.047
285.414
278.677
270.194
265.832
261.777
257.46
253.203
250.451
246.041
241.986
239.596
235.695
229.834
226.026
221.96
219.185
217.531
215.743
210.92
206.749
202.018
197.347
194.482
193.203
191.452
187.54
184.705
182.602
180.695
178.218
176.863
175.277
172.779
170.461
169.794
169.349
167.925
167.158
166.524
164.725
162.015
159.944
158.194
155.224
153.943
152.151
151.175
146.295
143.775
142.593
141.248
139.606
138.279
137.247
136.399
135.847
134.978
133.973
133.106
131.049
129.248
127.915
126.449
125.015
124.395
123.075
121.926
119.832
116.829
114.45
113.04
111.772
111.319
111.182
111.004
110.741
110.661
110.456
110.062
110.045
109.789
109.202
108.41
107.178
106.885
106.289
105.744
105.62
105.518
105.247
104.892
104.663
103.851
101.874
101.302
100.89
100.108
99.8291
99.7029
99.2694
99.0564
98.9123
98.2074
98.5467
97.9002
96.2905
98.8196
95.7122
95.3949
95.0802
94.781
94.207
93.8679
93.4968
93.1631
92.9591
92.9022
92.8366
92.7079
92.6452
92.5339
92.4277
92.132
91.4552
90.91
90.2211
89.5045
89.0468
88.4216
88.4178
89.5723
90.2741
88.5108
88.1978
88.0719
88.0337
87.6062
87.0827
87.0528
87.0639
86.7763
86.2745
86.0067
85.5457
84.87
84.4598
84.13
84.0889
84.0889
84.0889
84.0889
84.0889
84.0889
84.0874
84.0188
83.8548
83.3476
82.5145
82.4412
82.3032
83.5434
85.0301
82.8969
80.9842
80.8455
80.5824
80.5824
80.5824
80.5824
80.5824
80.5824
80.5824
80.5824
80.5813
80.4807
80.2935
80.2935
80.2928
80.2622
80.1083
79.8108
79.7904
79.7904
79.7904
79.7904
79.7904
79.7904
79.7904
79.7904
79.7904
79.79
79.7614
79.5748
79.3429
79.1118
78.6569
78.5298
78.5289
78.4573
78.3239
78.1282
78.0175
77.928
77.7362
77.6234
77.444
77.4272
77.4138
77.3992
77.3697
77.3697
77.3664
77.3602
77.3602
77.3602
77.3602
77.3602
77.3602
77.3602
77.3602
77.36
77.34
77.3071
77.3071
77.3071
77.3071
77.3071
77.3071
77.3071
77.3071
77.3071
77.3071
77.3071
77.3071
77.3071
77.3071
77.3071
77.3071
77.3037
77.2183
77.0776
77.0776
77.0768
77.4399
78.7175
77.4748
76.8799
76.8799
76.8799
76.8799
76.8799
76.8799
76.8799
76.8799
76.8799
76.8799
76.8799
76.8799
76.8799
76.8799
76.8799
76.8799
76.8799
76.8799
76.8799
76.8799
76.8794
78.6188
78.9956
76.7848
76.5354
76.516
76.4764
76.4734
76.4734
76.4734
76.4734
76.4734
76.4734
76.4734
76.4734
76.4734
76.4734
76.4734
76.4734
76.4734
76.4729
76.4387
76.2809
76.1159
76.055
76.055
76.055
76.055
76.0518
75.7731
75.2777
75.2541
75.2541
75.2541
75.2537
75.2239
75.1703
75.1641
75.1641
75.1641
75.1641
75.1641
75.1641
75.1641
75.1635
76.0885
76.2178
75.3439
75.0097
75.0097
75.0097
75.0097
75.0097
75.0097
75.0097
75.0097
75.0097
75.0097
75.0097
75.0097
75.0097
75.0097
75.0097
75.0097
75.008
74.9754
74.792
74.5803
74.5802
74.574
74.462
74.2413
74.2126
74.2126
74.2126
74.2126
74.2126
74.2126
74.2126
74.2126
74.2121
74.3392
74.0936
72.8593
72.8593
72.8593
72.8593
72.8593
72.8593
72.8593
72.8593
72.8593
72.8593
72.8593
72.8593
72.8593
72.8593
72.8593
72.8593
72.8593
72.8593
72.8593
72.8593
72.8593
72.8593
72.8589
72.8268
72.7756
72.7756
72.7756
72.7756
72.7756
72.7756
72.7756
72.7756
72.7756
72.7756
72.7756
72.7756
72.7756
72.7756
72.7756
72.7756
72.7756
72.7756
72.7756
72.7756
72.7756
72.7756
72.7756
72.7756
72.7756
72.7756
72.7756
72.7756
72.7756
72.7756
72.7756
72.7756
72.7756
72.7756
72.7756
72.7756
72.7756
72.7756
72.7756
72.7756
72.7756
72.7756
72.7756
72.7756
72.7756
72.7756
72.7756
72.7756
72.7756
72.7756
72.7756
72.7756
72.7756
72.7756
72.7756
72.7756
72.7756
72.7756
72.7756
72.7756
72.7756
72.7756
72.7756
72.7756
72.774
72.6747
72.494
72.481
73.4054
75.526
73.9244
72.4399
72.4399
72.4399
72.4399
72.4384
72.3148
72.0745
72.0668
72.0668
72.0668
72.0668
72.0668
72.0668
72.0668
72.0668
72.0668
72.0668
72.0668
72.0668
72.0668
72.0668
72.0668
72.0668
72.0668
72.0668
72.0668
72.0668
72.0668
72.0668
72.0668
72.0668
72.0668
72.0668
72.0668
72.0668
72.0668
72.0668
72.0668
72.0668
