433.557
421.106
409.66
391.479
382.083
365.402
358.774
346.119
341.254
329.69
321.853
306.773
302.668
295.938
292.024
285.658
282.342
278.032
272.182
266.983
258.257
257.169
249.89
243.49
241.856
239.338
237.077
232.046
229.068
227.043
222.513
216.856
213.666
212.691
209.51
205.857
201.492
198.599
196.809
192.517
183.975
183.102
181.511
179.85
178.723
176.397
173.883
170.86
169.276
167.21
166.38
165.462
162.549
160.76
158.828
156.044
154.516
152.251
146.67
146.088
145.832
144.105
143.112
142.373
141.568
140.258
138.151
137.448
136.912
136.912
134.707
133.246
132.392
130.932
129.981
129.576
127.956
126.798
126.111
125.625
124.758
124.068
122.287
121.011
121.011
120.767
120.767
120.714
119.789
119.664
119.388
118.845
118.692
118.692
118.269
118.005
117.947
117.192
116.415
115.889
115.835
115.473
114.894
114.363
113.683
113.267
113.212
111.217
109.129
108.803
107.637
107.462
107.444
107.268
107.268
106.613
106.142
106.142
105.882
105.781
105.52
105.52
105.366
105.366
105.046
104.649
104.175
102.859
102.539
102.238
101.702
101.702
101.637
101.101
100.853
99.7274
99.4795
99.1491
98.499
98.499
98.1419
98.1419
97.6895
97.6895
97.6895
97.6895
97.6895
97.6895
97.2135
96.1693
95.6933
95.4929
95.1363
95.1363
95.1363
95.1363
94.5397
93.7905
92.8589
92.2623
90.9807
90.9807
90.9807
90.9807
90.9807
90.8636
90.6384
90.6384
90.6384
90.4344
89.6493
89.1967
88.9381
87.9933
87.9933
87.9586
87.9586
87.1574
86.7291
86.7291
86.0172
86.0172
86.0172
86.0172
85.5453
85.5453
85.5453
84.8643
83.7331
83.5655
83.5655
83.5655
83.5655
83.5655
83.5655
83.5655
83.5655
83.5655
83.2172
82.8942
82.8942
82.8942
82.8942
82.8942
82.8942
82.8942
82.8942
82.8942
82.8942
82.8942
82.5025
82.5025
82.5025
82.1983
82.0585
81.9047
81.9047
81.9047
81.9047
81.9047
80.6493
80.6493
80.6493
80.6493
79.7949
79.7949
79.3935
79.3935
79.3935
79.3935
79.3935
79.3935
79.0452
79.0452
79.0452
79.0452
77.6905
77.6905
77.6905
77.14
77.14
76.9875
76.7805
76.7805
76.7805
76.7805
76.3951
76.3501
76.3501
76.3501
76.3501
76.3501
76.3501
76.3501
76.3501
76.3501
76.3501
76.3501
76.3501
76.3501
76.3501
76.3501
76.3501
76.3501
76.3501
76.3501
76.3501
76.3501
76.3501
76.3501
76.3501
76.3501
76.3501
76.3501
76.3501
76.3501
75.9682
75.9682
75.9682
75.9682
75.9682
75.9682
75.9682
75.7779
75.7779
75.7779
75.7779
75.4625
75.4625
75.4625
75.4625
75.4625
75.4625
75.4487
75.4487
75.4487
75.4487
75.4487
75.4487
75.4487
75.4487
75.4487
75.4487
75.4487
75.4487
75.4487
75.4487
75.4487
75.4487
75.4487
75.3117
75.3117
75.3117
75.3117
75.3117
75.3117
74.9888
74.9888
74.9888
74.6915
74.6915
74.6915
74.5947
74.5947
74.5947
74.5812
74.5812
74.5812
74.5812
74.276
74.276
74.276
74.276
74.276
74.276
73.7651
73.7651
73.7651
73.7651
73.7651
73.7651
73.7651
73.7651
73.7651
73.7651
73.7651
73.7651
73.7651
73.7651
73.7651
73.7651
73.7651
73.7651
73.7651
73.7651
73.7651
73.7651
73.7651
73.7651
73.7651
73.7651
73.7651
73.7651
73.7651
73.7651
73.7651
73.7651
73.7651
73.7651
73.7651
73.7651
73.7651
73.7651
73.7651
73.7651
72.5202
72.5202
72.5202
72.5202
72.5202
72.5202
72.5202
72.5202
72.5202
72.5202
72.5202
72.144
72.144
72.0663
72.0663
72.0663
72.0663
72.0663
72.0663
72.0663
72.0663
72.0663
72.0663
72.0482
72.0482
72.0482
72.0482
72.0482
72.0482
71.5339
71.5339
71.5339
71.5339
71.5339
71.5339
71.5339
71.5264
71.5264
71.5264
71.5264
71.5264
71.5264
71.5264
71.5264
71.5264
71.5264
71.5264
71.5264
71.5264
71.5264
71.5264
71.5264
71.5264
71.5264
71.5264
71.5264
71.5264
71.5264
71.5264
71.5264
71.5264
71.5264
71.5264
71.5264
71.5264
71.5264
71.5264
71.4558
71.4558
71.4558
71.4558
71.4558
71.4558
71.4558
71.4558
71.4558
71.4558
71.4558
71.4558
71.4558
71.4558
71.4558
71.4558
71.4558
71.4558
71.4558
71.4558
71.4558
71.4558
71.4558
71.4558
71.3403
71.3403
71.3403
71.3403
70.842
70.842
70.8101
70.6727
70.6727
70.6727
70.6727
70.6727
70.6727
70.6727
70.6727
70.6727
70.6727
70.6727
70.6727
70.6727
70.6727
70.6727
70.6727
70.6727
70.6727
70.6727
70.6727
70.6727
70.6727
70.6727
70.6727
70.6727
70.6727
70.6727
70.6727
