491.868
465.713
428.585
398.656
384.846
375.728
368.498
360.065
346.781
332.082
322.323
315.092
307.961
300.82
295.68
291.392
285.547
280.808
277.689
273.997
269.301
263.557
256.331
249.298
245.3
241.284
238.508
235.24
232.106
229.399
224.427
222.156
218.683
214.718
211.248
208.204
203.68
199.8
198.279
197.138
195.665
194.656
192.701
187.799
183.048
181.476
180.191
179.632
178.106
176.095
174.554
172.479
171.026
169.38
166.219
163.712
160.381
157.946
155.61
154.457
152.716
151.48
150.42
149.244
148.394
147.447
146.55
145.288
144.403
142.561
141.073
140.632
139.619
137.58
136.642
135.336
134.424
133.858
132.934
129.602
129.216
128.378
126.977
126.431
125.647
125.114
124.687
123.949
122.945
121.535
120.609
122.41
120.234
119.694
118.852
118.096
118.753
119.31
118.643
118.429
117.957
116.732
114.765
114.037
113.867
113.643
113.5
113.084
112.293
111.96
111.706
111.159
110.851
110.51
110.2
111.765
112.166
110.295
108.807
108.44
108.429
107.742
106.592
105.007
104.336
105.173
105.13
102.948
102.696
102.695
103.855
106.696
104.449
105.851
104.785
102.331
101.968
101.698
101.227
100.986
100.486
99.8769
99.1147
99.0317
98.7971
98.4488
98.1731
98.8263
98.1806
97.8103
99.3759
99.5913
97.0857
96.6222
96.5369
96.2257
95.8782
95.3759
94.8758
94.549
93.656
92.7374
92.2414
92.1953
91.7816
90.8905
90.6221
90.1522
89.9102
89.4141
88.9817
90.6133
92.3946
91.5121
89.4276
86.3417
85.9282
85.6082
84.897
84.5035
84.2259
84.1419
84.0596
83.9578
83.6974
83.3068
83.1103
82.9571
82.934
82.934
82.934
82.934
82.934
82.934
82.934
82.934
82.934
82.934
82.934
82.9339
82.9305
82.8647
82.7474
82.7353
84.018
82.7401
82.5794
82.2852
82.2852
82.285
83.1398
83.6669
82.658
82.239
82.2379
82.136
81.9438
81.6878
81.2653
81.0968
81.0957
81.3013
81.1809
80.7059
80.3466
79.8916
79.8873
81.5306
82.8763
80.9993
78.9038
78.9038
78.9038
78.9022
78.7676
78.5289
78.5086
78.5086
78.5086
78.5086
78.5086
78.5086
78.5086
78.5086
78.508
78.4538
78.3509
78.3186
78.2015
78.1004
78.0759
78.0759
78.0759
78.0759
78.0759
78.0759
78.0759
78.0759
78.0759
78.0758
78.061
77.9467
77.739
77.6908
77.5944
77.475
77.4748
77.4533
77.3041
77.1023
77.0195
77.0149
78.3243
78.2868
76.7649
75.8386
75.8386
75.8386
75.8386
75.8386
75.8386
75.8386
75.8386
75.8368
75.6979
75.4533
75.2953
74.9835
74.8923
74.8881
74.8881
74.8881
74.8881
74.8881
74.8881
74.8877
74.8457
74.6503
74.3566
74.3552
74.3549
74.3334
74.2976
74.2765
74.2344
74.2344
74.2344
74.2344
74.2344
74.2344
74.2344
74.2344
74.2344
74.2344
74.2343
74.219
74.1914
74.1876
74.1876
74.1876
74.1876
74.1876
74.1876
74.1876
74.1876
74.1876
74.1876
74.1874
74.1687
74.1368
74.1337
74.0655
73.9487
73.9449
73.9449
73.9437
73.8545
73.676
73.6517
73.6517
73.6517
73.6517
73.6517
73.6517
73.6517
73.6517
73.6517
73.6517
73.6517
73.6517
73.6517
73.6517
73.6517
73.6517
73.6517
73.6517
73.6517
73.6517
73.6517
73.6517
73.6517
73.6517
73.6517
73.6517
73.6517
73.6517
73.6517
73.6517
73.6517
73.6517
73.6517
73.6517
73.6517
73.6517
73.6517
73.6517
73.6517
73.6517
73.6517
73.6517
73.6517
73.6517
73.6517
73.6517
73.6517
73.6517
73.6517
73.6517
73.6517
73.6517
73.6517
73.6517
73.6517
73.6516
73.7226
73.6631
73.5462
73.1601
73.1601
73.1601
73.1601
73.1601
73.1601
73.1601
73.1601
73.1601
73.1601
73.1601
73.1601
73.1601
73.1601
73.1601
73.1601
73.1601
73.1601
73.1601
73.1601
73.1601
73.1601
73.1601
73.1601
73.1552
73.2465
73.1777
72.4078
72.356
72.3532
72.111
71.6558
71.6545
71.5816
71.4303
71.4021
71.3761
71.3254
71.2219
71.21
71.21
71.21
71.21
71.21
71.21
71.21
71.21
71.21
71.21
71.21
71.21
71.21
71.21
71.21
71.21
71.21
71.21
71.21
71.21
71.21
71.21
71.21
71.21
71.21
71.21
71.21
71.21
71.21
71.21
71.21
71.21
71.21
71.21
71.21
71.21
71.21
71.21
71.21
71.21
71.21
71.21
71.21
71.2082
71.1146
70.9092
70.7707
70.7707
70.7707
70.7707
70.7707
70.7707
70.7707
70.7698
70.6927
70.5472
70.5438
70.5438
70.5438
70.5438
70.5438
70.5438
70.5438
70.5426
70.4469
