493.124
454.65
431.267
416.093
400.965
386.581
373.771
362.335
351.548
344.645
336.286
325.305
315.469
306.928
299.607
293.821
289.315
284.057
279.88
274.462
269.035
263.679
258.739
253.413
248.213
243.367
240.901
238.427
235.777
233.838
233.287
230.88
224.62
217.794
213.675
211.199
208.294
204.833
200.651
197.664
194.004
187.747
183.79
182.67
181.124
180.168
178.994
176.291
173.239
171.008
169.355
167.174
166.378
165.09
162.653
160.416
158.522
155.891
154.055
151.598
148.209
146.218
145.448
144.132
142.991
142.123
141.081
139.105
137.953
137.323
136.949
136.039
133.968
132.779
131.168
130.503
129.808
128.781
127.424
126.454
125.924
125.321
124.488
123.236
121.816
121.074
120.94
120.781
120.732
120.297
119.739
119.54
119.24
118.892
118.706
118.542
118.174
117.958
117.548
116.891
116.261
115.882
115.723
115.381
114.71
114.174
113.645
113.27
112.396
110.445
109.199
108.376
107.643
107.473
107.322
107.266
107.033
106.554
106.149
106.046
105.834
105.638
105.52
105.465
105.364
105.236
105.002
104.447
103.933
102.818
102.423
102.061
101.727
101.665
101.366
101.015
100.459
99.6343
99.3641
98.9666
98.4975
98.396
98.1772
97.9537
97.6895
97.6895
97.6895
97.6895
97.6876
97.5166
96.8641
95.8518
95.6317
95.3922
95.1636
95.1363
95.1339
94.971
94.3591
93.3131
92.4604
91.7945
90.9807
90.9807
90.9807
90.9802
90.9516
90.8894
90.662
90.6376
90.5771
90.214
89.5754
89.1356
88.5619
88.0046
87.9815
87.9554
87.7884
87.3488
86.7735
86.5124
86.0644
86.0172
86.0153
85.853
85.5594
85.5426
85.2493
84.3815
83.681
83.5737
83.5655
83.5655
83.5655
83.5655
83.5655
83.5655
83.5629
83.4736
83.2203
82.9648
82.8942
82.8942
82.8942
82.8942
82.8942
82.8942
82.8942
82.8942
82.8926
82.7388
82.5025
82.5013
82.3839
82.2287
82.0188
81.9047
81.9047
81.9047
81.8997
83.1034
84.1543
85.8225
86.0826
85.8183
82.3678
79.8427
79.469
81.2814
83.0447
82.3904
79.5334
79.3355
79.0856
79.0452
79.0397
78.5715
77.6905
77.6883
77.4763
77.1394
77.0938
76.9161
76.7805
76.7805
76.779
76.6532
76.4004
76.3501
76.3501
76.3501
76.3501
76.3501
76.3501
76.3501
76.3501
76.3501
76.3501
76.3501
76.3501
76.3501
76.3501
76.3501
76.3501
76.3501
76.3501
76.3501
76.3501
76.3501
76.3501
76.3501
76.3501
76.3501
76.3501
76.3501
76.3485
76.234
75.9819
75.9682
75.9682
75.9682
75.9682
75.9674
75.9027
75.7779
75.7779
75.7767
75.6521
75.4625
75.4625
75.4625
75.4625
75.4624
75.458
75.4493
75.4487
75.4487
75.4487
75.4487
75.4487
75.4487
75.4487
75.4487
75.4487
75.4487
75.4487
75.4487
75.4487
75.4487
75.4482
75.4
75.3161
75.3117
75.3117
75.3117
75.3105
75.2265
75.0626
74.9876
74.9044
74.6976
74.6911
74.6667
74.6032
74.5946
74.5895
74.5812
74.5812
74.58
74.4769
74.276
74.276
74.276
74.276
74.274
74.1105
73.7661
73.7651
73.7651
73.7651
73.7651
73.7651
73.7651
73.7651
73.7651
73.7651
73.7651
73.7651
73.7651
73.7651
73.7651
73.7651
73.7651
73.7651
73.7651
73.7651
73.7651
73.7651
73.7651
73.7651
73.7651
73.7651
73.7651
73.7651
73.7651
73.7651
73.7651
73.7651
73.7651
73.7651
73.7651
73.7651
73.7651
73.7651
73.7601
73.3555
72.526
72.5202
72.5202
72.5202
72.5202
72.5202
72.5202
72.5202
72.5202
72.5187
72.4046
72.1437
72.1166
72.0663
72.0663
72.0663
72.0663
72.0663
72.0663
72.0663
72.0663
72.0663
72.0605
72.0484
72.0482
72.0482
72.0482
72.0462
71.8533
71.5339
71.5339
71.5339
71.5339
71.5339
71.5339
71.5311
71.5269
71.5264
71.5264
71.5264
71.5264
71.5264
71.5264
71.5264
71.5264
71.5264
71.5264
71.5264
71.5264
71.5264
71.5264
71.5264
71.5264
71.5264
71.5264
71.5264
71.5264
71.5264
71.5264
71.5264
71.5264
71.5264
71.5264
71.5264
71.5264
71.5261
71.5049
71.464
71.4558
71.4558
71.4558
71.4558
71.4558
71.4558
71.4558
71.4558
71.4558
71.4558
71.4558
71.4558
71.4558
71.4558
71.4558
71.4558
71.4558
71.4558
71.4558
71.4558
71.4558
71.4554
71.4147
71.3477
71.3403
71.3383
71.1629
70.8452
70.8293
70.7543
70.6727
70.6727
70.6727
70.6727
70.6727
70.6727
70.6727
70.6727
70.6727
70.6727
70.6727
70.6727
70.6727
70.6727
70.6727
70.6727
70.6727
70.6727
70.6727
70.6727
70.6727
70.6727
70.6727
70.6727
70.6727
70.6727
