450.956
425.58
404.891
388.787
379.384
368.727
354.086
347.87
340.373
332.786
326.02
318.404
313.72
309.188
300.048
291.372
284.788
278.496
270.229
263.409
261.626
256.033
252.34
246.753
239.714
232.859
229.541
226.141
223.595
220.646
215.099
213.615
211.312
208.881
202.972
198.723
196.341
194.83
187.154
183.409
182.037
180.9
172.078
169.574
168.245
164.211
161.995
161.619
159.266
157.801
156.452
154.837
153.514
152.377
151.505
151.32
148.634
147.674
146.583
145.189
143.155
140.74
138.74
137.91
137.343
136.993
135.976
134.643
133.777
133.508
132.765
131.573
130.217
129.948
128.799
128.799
128.483
128.146
126.895
126.479
125.983
122.87
122.87
122.092
122.041
120.999
119.889
119.106
117.99
117.165
116.049
115.915
115.915
115.586
114.589
113.928
113.694
112.993
112.351
112
111.845
110.876
110.871
110.867
110.623
110.617
108.551
107.239
106.279
105.912
105.908
105.572
105.067
105.067
105.067
105.067
104.998
104.194
104.059
104.059
102.609
102.609
102.498
101.962
101.962
101.962
101.486
101.089
101.074
100.151
99.3353
97.8681
97.7231
97.1908
97.0458
97.0458
96.8522
96.8522
96.8522
96.8458
96.8458
95.3103
94.701
93.6203
93.281
92.3796
92.3796
91.9879
91.3141
90.6877
90.3018
89.6697
88.0275
87.9701
87.5622
87.3046
87.2473
86.9989
86.9989
86.9989
86.9807
86.0296
85.5661
85.2906
84.7354
84.6097
84.3857
84.26
84.26
84.0567
84.0567
83.8854
83.8854
83.8854
83.8854
83.7707
83.691
83.691
83.5404
83.5404
83.2442
83.2442
83.2442
83.2442
83.2442
81.9317
81.9317
81.5475
80.9497
80.9497
80.7454
80.0791
80.0791
80.0791
80.0791
80.0791
80.0791
80.0791
80.033
80.033
79.999
79.999
79.8746
79.1294
78.5895
78.4651
78.4651
78.4651
78.4651
78.4651
78.4651
78.4651
78.4651
78.4651
78.4651
78.4651
78.4651
78.4651
78.4651
78.4651
78.4651
78.0682
78.0682
77.8809
77.8809
77.8809
77.8809
77.8809
77.8809
77.8809
77.8809
77.8809
77.8809
77.8809
77.8809
77.8809
77.8809
77.8809
77.8809
77.8809
77.8809
77.8809
77.8809
77.8809
77.8809
77.8809
77.8809
77.8809
77.8809
77.8809
77.8809
76.697
76.697
76.697
76.697
76.697
76.697
76.5686
76.0081
76.0081
76.0081
76.0081
76.0081
76.0081
76.0081
76.0081
75.6088
75.6088
75.4756
75.4756
75.4756
75.4756
75.4756
75.3834
75.3834
74.9551
74.8921
74.8921
74.8844
74.638
74.5673
74.5673
74.5673
74.5673
74.5673
74.5673
74.5673
74.5673
74.5673
74.5673
74.5673
74.5673
74.5673
73.0709
73.0709
73.0709
73.0709
72.8995
71.8896
71.8896
71.8896
71.8896
71.8896
71.8896
71.8896
71.8896
71.8896
71.8896
71.8896
71.8896
71.8896
71.8896
71.8896
71.8896
71.8896
71.8896
71.8896
71.8896
71.8896
71.7972
71.7972
71.7972
71.7972
71.7972
71.7972
71.7972
71.7972
71.7972
71.7972
71.7972
71.7972
71.7972
71.7972
71.7972
71.7972
71.7972
71.7972
71.7972
71.7972
71.7972
71.7972
71.7972
71.7972
71.7972
71.7972
71.7972
71.7972
71.7972
71.7972
71.7972
71.7972
71.7972
71.7972
71.7972
71.6591
71.6591
71.6591
71.6591
71.6591
71.6591
71.6591
71.6591
71.6591
71.6591
71.6591
71.6591
71.6591
71.6591
71.6591
71.6591
71.6591
71.6591
71.6591
71.6591
71.6591
71.6591
71.6591
71.6591
71.6591
71.6591
71.6591
71.6591
71.6591
71.6591
71.6591
71.6383
71.4263
71.4263
71.4263
71.4263
71.4263
71.4263
71.4263
71.4263
71.4263
71.4263
71.4263
71.4263
71.4263
71.4263
71.4263
71.4263
71.4263
71.4263
71.4263
71.4263
71.4263
71.4263
71.4263
71.4263
71.4263
71.4263
71.4263
71.4263
71.4263
71.4263
71.4263
71.4263
71.4263
71.4263
71.4263
71.4263
71.4263
71.4263
71.4263
71.4263
71.4263
71.4263
71.4263
71.4263
71.4263
71.4263
71.4263
71.4263
71.4263
71.4263
71.4263
71.4263
71.4263
71.4263
71.4263
71.4263
71.4263
71.4263
71.4263
71.4263
70.9929
70.9929
70.6662
70.6662
70.6662
70.6662
70.6662
70.6662
70.6662
70.6662
70.6662
70.6662
70.6662
70.6662
70.6662
70.6662
70.6662
70.6662
70.6662
70.6662
70.6662
70.6662
70.6662
70.6662
70.6662
70.6662
70.6662
70.6662
70.6662
70.6662
70.6662
70.6662
70.6662
70.6662
70.6662
70.6662
70.6662
70.6662
70.6662
70.6662
70.6662
70.6662
70.6662
70.6662
70.6662
70.6662
70.6662
70.6662
70.6662
70.6662
70.6662
70.6662
70.6662
70.6662
70.6662
