14.3531
13.8237
13.1074
12.3576
11.8993
11.4111
10.5908
10.3509
9.93094
9.53523
9.31707
9.01796
8.98594
8.96279
8.82629
8.63078
8.51964
8.14995
8.03881
7.96545
7.96545
7.96545
7.78137
7.31164
7.14916
7.13828
7.13828
7.09062
7.05929
6.90002
6.89443
6.89225
6.89225
6.81388
6.81388
6.81388
6.81388
6.69574
6.69574
6.69574
6.62715
6.24373
6.18731
6.18731
6.18731
6.02811
6.02811
6.02811
6.02811
6.02811
5.99454
5.99454
5.96874
5.96874
5.96874
5.96874
5.96874
5.96874
5.96874
5.91588
5.91588
5.91588
5.78597
5.78597
5.39194
5.38042
5.32136
5.30985
5.30985
5.30985
5.30985
5.30985
5.30985
5.30985
5.29896
5.29896
5.27405
5.2382
5.2382
5.2382
5.2382
5.2382
5.2382
5.2382
5.2382
5.2382
5.2382
5.2382
5.2382
5.2382
5.2382
5.2382
5.2382
5.2382
5.2382
5.2382
5.2382
5.2382
5.2382
5.2382
5.2382
5.2382
5.2382
5.2382
5.2382
5.2382
5.2382
5.2382
5.2382
5.2382
5.2382
5.2382
5.2382
5.17138
5.17138
5.17138
5.17138
5.17138
5.17138
5.13596
5.13596
5.13596
5.13596
5.13596
5.13596
5.11772
5.11772
5.11772
5.11772
5.11772
5.11772
5.11772
5.11772
5.11772
5.11772
5.11772
5.11772
5.11772
5.11386
5.11386
5.11386
5.11386
5.11386
5.11386
5.11386
5.11386
5.11386
5.11386
5.11386
5.11386
5.11386
5.11386
5.11386
5.11386
5.11386
5.11386
5.11386
5.11386
5.11386
5.11386
5.11386
5.11386
5.11386
5.11386
5.11386
5.11386
5.11386
5.11386
5.11386
5.11386
5.11386
5.11386
5.11386
5.11386
5.11386
5.11386
5.11386
5.11386
5.11386
5.11386
5.11386
5.11386
5.11386
5.11386
5.11386
5.11386
5.11386
5.11386
5.11386
5.11386
5.11386
5.11386
5.11386
5.11386
5.11386
5.11386
5.11386
5.11386
5.11386
5.11386
5.11386
5.11386
5.11386
5.11386
5.11386
5.11386
5.11386
5.11386
5.11386
5.11386
5.11386
5.11386
5.11386
5.11386
5.11386
5.11386
5.11386
5.11386
5.11386
5.11386
5.11386
5.11386
5.11386
5.11386
5.11386
5.11386
5.11386
5.11386
5.11386
5.11386
5.11386
5.11386
5.11386
5.11386
5.11386
5.11386
5.11386
5.11386
5.11386
5.11386
5.11386
5.11386
5.11386
5.11386
5.11386
5.09041
5.09041
5.09041
5.09041
5.09041
5.09041
5.09041
5.09041
5.09041
5.09041
5.09041
5.09041
5.09041
5.09041
5.09041
5.09041
5.09041
5.09041
5.09041
5.09041
5.09041
5.09041
5.09041
5.09041
5.09041
5.09041
5.09041
5.09041
5.09041
5.09041
5.09041
5.09041
5.09041
5.09041
5.09041
5.09041
5.09041
5.09041
5.09041
5.09041
5.09041
5.09041
5.09041
5.09041
5.09041
5.09041
5.09041
5.09041
5.09041
5.09041
5.09041
5.09041
5.09041
5.09041
5.09041
5.09041
5.09041
5.09041
5.09041
5.09041
5.09041
5.09041
5.09041
5.09041
5.09041
5.09041
5.09041
5.09041
5.09041
5.09041
5.09041
5.09041
5.09041
5.09041
5.09041
5.09041
5.09041
5.09041
5.09041
5.09041
5.09041
5.09041
5.09041
5.09041
5.09041
5.09041
5.09041
5.09041
5.09041
5.09041
5.09041
5.09041
5.09041
5.09041
5.09041
5.09041
5.09041
5.09041
5.09041
5.09041
5.09041
5.09041
5.09041
5.09041
5.09041
5.09041
5.09041
5.09041
5.09041
5.09041
5.09041
5.09041
5.09041
5.09041
5.09041
5.09041
5.09041
5.09041
5.09041
5.09041
5.09041
5.09041
5.09041
5.09041
5.09041
5.09041
5.09041
5.09041
5.09041
5.09041
5.09041
5.09041
5.09041
5.09041
5.09041
5.09041
5.09041
5.09041
5.09041
5.09041
5.09041
5.09041
5.09041
5.09041
5.09041
5.09041
5.09041
5.09041
5.09041
5.09041
5.09041
5.09041
5.09041
5.09041
5.09041
5.09041
5.09041
5.09041
5.09041
5.09041
5.09041
5.09041
5.09041
5.09041
5.09041
5.09041
5.09041
5.09041
5.09041
5.09041
5.09041
5.09041
5.09041
5.09041
5.09041
5.09041
5.09041
5.09041
5.09041
5.09041
5.09041
5.09041
5.09041
5.09041
5.09041
5.09041
5.09041
5.09041
5.09041
5.09041
5.09041
5.09041
5.09041
5.09041
5.09041
5.09041
5.09041
5.09041
5.09041
5.09041
5.09041
5.09041
5.09041
5.09041
5.09041
5.09041
5.09041
5.09041
5.09041
5.09041
5.09041
5.09041
5.09041
5.09041
5.09041
5.09041
5.09041
5.09041
5.09041
5.09041
5.09041
5.09041
5.09041
5.09041
5.09041
5.09041
5.09041
5.09041
5.09041
5.09041
5.09041
5.09041
5.09041
5.09041
5.09041
5.09041
5.09041
5.09041
5.09041
5.09041
5.09041
5.09041
5.09041
5.09041
5.09041
5.09041
5.09041
5.09041
5.09041
5.09041
5.09041
5.09041
5.09041
5.09041
5.09041
5.09041
