17.3673
15.551
14.4525
13.4929
12.8223
12.0548
11.5951
11.1772
10.537
10.1567
9.72821
9.513
9.24187
9.00843
9.08154
8.93986
8.75153
8.58339
8.4222
8.10948
8.20005
8.26783
8.05917
7.83233
7.36587
7.25849
7.15396
7.13801
7.11351
7.07803
7.00271
6.89862
6.89462
6.89149
6.85664
6.82349
6.81388
6.81269
6.7746
6.7019
6.69505
6.70036
6.57232
6.27793
6.18731
6.18572
6.12468
6.03105
6.02811
6.02811
6.02751
6.01164
5.99429
5.98345
5.96874
5.96874
5.96874
5.96874
5.96874
5.96821
5.95316
5.91588
5.91458
5.87059
5.79143
5.63805
5.39376
5.35232
5.3133
5.30985
5.30985
5.30985
5.30985
5.30985
5.30974
5.47637
5.50647
5.34564
5.30698
5.25309
5.2382
5.2382
5.2382
5.2382
5.2382
5.2382
5.2382
5.2382
5.2382
5.2382
5.2382
5.2382
5.2382
5.2382
5.2382
5.2382
5.2382
5.2382
5.2382
5.2382
5.2382
5.2382
5.2382
5.2382
5.2382
5.2382
5.2382
5.2382
5.2382
5.2382
5.2382
5.2382
5.2382
5.23753
5.21266
5.17138
5.17138
5.17138
5.17138
5.17102
5.15827
5.13791
5.13596
5.13596
5.13596
5.13577
5.28213
5.59032
5.34768
5.11772
5.11772
5.11772
5.11772
5.11772
5.11772
5.11772
5.11772
5.11772
5.11768
5.26684
5.32804
5.31473
5.11626
5.11386
5.11386
5.11386
5.11386
5.11386
5.11386
5.11386
5.11386
5.11386
5.11386
5.11386
5.11386
5.11386
5.11386
5.11386
5.11386
5.11386
5.11386
5.11386
5.11386
5.11386
5.11386
5.11386
5.11386
5.11386
5.11386
5.11386
5.11386
5.11386
5.11386
5.11386
5.11386
5.11386
5.11386
5.11386
5.11386
5.11386
5.11386
5.11386
5.11386
5.11386
5.11386
5.11386
5.11386
5.11386
5.11386
5.11386
5.11386
5.11386
5.11386
5.11386
5.11386
5.11386
5.11386
5.11386
5.11386
5.11386
5.11386
5.11386
5.11386
5.11386
5.11386
5.11386
5.11386
5.11386
5.11386
5.11386
5.11386
5.11386
5.11386
5.11386
5.11386
5.11386
5.11386
5.11386
5.11386
5.11386
5.11386
5.11386
5.11386
5.11386
5.11386
5.11386
5.11386
5.11386
5.11386
5.11386
5.11386
5.11386
5.11386
5.11386
5.11386
5.11386
5.11386
5.11386
5.11386
5.11386
5.11386
5.11386
5.11386
5.11386
5.11386
5.11363
5.10565
5.09181
5.09041
5.09041
5.09041
5.09041
5.09041
5.09041
5.09041
5.09041
5.09041
5.09041
5.09041
5.09041
5.09041
5.09041
5.09041
5.09041
5.09041
5.09041
5.09041
5.09041
5.09041
5.09041
5.09041
5.09041
5.09041
5.09041
5.09041
5.09041
5.09041
5.09041
5.09041
5.09041
5.09041
5.09041
5.09041
5.09041
5.09041
5.09041
5.09041
5.09041
5.09041
5.09041
5.09041
5.09041
5.09041
5.09041
5.09041
5.09041
5.09041
5.09041
5.09041
5.09041
5.09041
5.09041
5.09041
5.09041
5.09041
5.09041
5.09041
5.09041
5.09041
5.09041
5.09041
5.09041
5.09041
5.09041
5.09041
5.09041
5.09041
5.09041
5.09041
5.09041
5.09041
5.09041
5.09041
5.09041
5.09041
5.09041
5.09041
5.09041
5.09041
5.09041
5.09041
5.09041
5.09041
5.09041
5.09041
5.09041
5.09041
5.09041
5.09041
5.09041
5.09041
5.09041
5.09041
5.09041
5.09041
5.09041
5.09041
5.09041
5.09041
5.09041
5.09041
5.09041
5.09041
5.09041
5.09041
5.09041
5.09041
5.09041
5.09041
5.09041
5.09041
5.09041
5.09041
5.09041
5.09041
5.09041
5.09041
5.09041
5.09041
5.09041
5.09041
5.09041
5.09041
5.09041
5.09041
5.09041
5.09041
5.09041
5.09041
5.09041
5.09041
5.09041
5.09041
5.09041
5.09041
5.09041
5.09041
5.09041
5.09041
5.09041
5.09041
5.09041
5.09041
5.09041
5.09041
5.09041
5.09041
5.09041
5.09041
5.09041
5.09041
5.09041
5.09041
5.09041
5.09041
5.09041
5.09041
5.09041
5.09041
5.09041
5.09041
5.09041
5.09041
5.09041
5.09041
5.09041
5.09041
5.09041
5.09041
5.09041
5.09041
5.09041
5.09041
5.09041
5.09041
5.09041
5.09041
5.09041
5.09041
5.09041
5.09041
5.09041
5.09041
5.09041
5.09041
5.09041
5.09041
5.09041
5.09041
5.09041
5.09041
5.09041
5.09041
5.09041
5.09041
5.09041
5.09041
5.09041
5.09041
5.09041
5.09041
5.09041
5.09041
5.09041
5.09041
5.09041
5.09041
5.09041
5.09041
5.09041
5.09041
5.09041
5.09041
5.09041
5.09041
5.09041
5.09041
5.09041
5.09041
5.09041
5.09041
5.09041
5.09041
5.09041
5.09041
5.09041
5.09041
5.09041
5.09041
5.09041
5.09041
5.09041
5.09041
5.09041
5.09041
5.09041
5.09041
5.09041
5.09041
5.09041
5.09041
5.09041
5.09041
5.09041
5.09041
5.09041
5.09041
5.09041
5.09041
5.09041
5.09041
