#     BLOCK:  ACTUAL_PE:     PE_AVE:      ERROR:
           1    -7.62608    -7.62608           0
           2    -7.54416    -7.58512   0.0289652
           3    -7.38998    -7.52007    0.056513
           4    -7.28038    -7.46015   0.0670046
           5    -7.18651    -7.40542   0.0725914
           6    -7.09646    -7.35393   0.0766096
           7    -7.08365    -7.31532   0.0747649
           8    -7.00047    -7.27596    0.075066
           9    -7.03825    -7.24955   0.0712205
          10    -7.01399    -7.22599   0.0678822
          11    -6.97437    -7.20312    0.065452
          12    -6.86758    -7.17516   0.0656995
          13    -6.85571    -7.15058   0.0650789
          14    -6.83764    -7.12823   0.0641544
          15    -6.88763    -7.11219   0.0618501
          16    -6.84357     -7.0954   0.0602199
          17    -6.81421    -7.07886   0.0589055
          18    -6.86281    -7.06686   0.0568426
          19    -6.84273    -7.05506   0.0550613
          20     -6.7693    -7.04077   0.0541303
          21    -6.77007    -7.02788   0.0530654
          22    -6.76831    -7.01609   0.0519485
          23    -6.78615    -7.00609   0.0506426
          24    -6.83826     -6.9991   0.0490129
          25    -6.81001    -6.99153   0.0476324
          26    -6.84783      -6.986     0.04612
          27    -6.80339    -6.97924    0.044905
          28    -6.77206    -6.97184   0.0439067
          29    -6.80534     -6.9661   0.0427664
          30     -6.8313    -6.96161   0.0415762
          31    -6.73701    -6.95436   0.0408614
          32    -6.75467    -6.94812   0.0400582
          33    -6.76196    -6.94248   0.0392395
          34    -6.77005    -6.93741   0.0384117
          35    -6.76405    -6.93246   0.0376323
          36    -6.74131    -6.92715   0.0369596
          37    -6.77429    -6.92302   0.0361908
          38    -6.76905    -6.91896   0.0354645
          39    -6.76013    -6.91489   0.0347883
          40    -6.78302    -6.91159   0.0340744
          41    -6.72383    -6.90701   0.0335497
          42     -6.7759    -6.90389   0.0328958
          43    -6.76649     -6.9007   0.0322856
          44    -6.74325    -6.89712   0.0317495
          45     -6.6976    -6.89268    0.031352
          46    -6.72568    -6.88905     0.03088
          47    -6.66228    -6.88423   0.0305976
          48    -6.61162    -6.87855   0.0304826
          49    -6.63092     -6.8735   0.0302766
          50    -6.70501    -6.87013    0.029858
          51    -6.73653    -6.86751   0.0293872
          52    -6.70923    -6.86446   0.0289793
          53    -6.68128    -6.86101   0.0286378
          54     -6.5975    -6.85613   0.0285202
          55     -6.5841    -6.85118   0.0284273
          56    -6.52283    -6.84532    0.028518
          57    -6.48008    -6.83891   0.0287285
          58    -6.50353    -6.83313   0.0288093
          59    -6.65406    -6.83009   0.0284804
          60    -6.57179    -6.82579   0.0283292
          61     -6.5473    -6.82122   0.0282303
          62    -6.52982    -6.81652   0.0281635
          63    -6.50229    -6.81153   0.0281546
          64    -6.52712    -6.80709   0.0280632
          65    -6.61815    -6.80418   0.0277816
          66    -6.59966    -6.80108    0.027533
          67    -6.62415    -6.79844   0.0272484
          68    -6.63594    -6.79605   0.0269523
          69    -6.65107    -6.79395   0.0266435
          70    -6.65003     -6.7919    0.026342
          71    -6.59528    -6.78913   0.0261162
          72    -6.57167    -6.78611   0.0259275
          73    -6.52875    -6.78258   0.0258109
          74    -6.48479    -6.77856   0.0257739
          75    -6.57222    -6.77581   0.0255767
          76    -6.57898    -6.77322   0.0253709
          77    -6.56604    -6.77053   0.0251837
          78    -6.64318    -6.76889   0.0249137
          79    -6.65552    -6.76746   0.0246396
          80    -6.56791    -6.76496   0.0244575
          81    -6.56098    -6.76245   0.0242849
          82    -6.52512    -6.75955   0.0241606
          83    -6.52327     -6.7567   0.0240366
          84    -6.55631    -6.75432   0.0238686
          85    -6.55264    -6.75195   0.0237054
          86    -6.58077    -6.74996   0.0235132
          87    -6.59629    -6.74819   0.0233092
          88    -6.62946    -6.74684   0.0230833
          89    -6.66036    -6.74587   0.0228444
          90    -6.64163    -6.74471   0.0226199
          91    -6.69133    -6.74412   0.0223789
          92    -6.70852    -6.74374    0.022139
          93    -6.61858    -6.74239   0.0219418
          94    -6.57534    -6.74061   0.0217803
          95     -6.5134    -6.73822   0.0216819
          96    -6.57314     -6.7365   0.0215242
          97    -6.50223    -6.73409   0.0214373
          98    -6.53471    -6.73205   0.0213149
          99    -6.51398    -6.72985   0.0212131
         100    -6.59754    -6.72853   0.0210422
         101    -6.61862    -6.72744    0.020862
         102    -6.58894    -6.72608   0.0207016
         103     -6.6733    -6.72557   0.0205069
         104    -6.69479    -6.72527   0.0203119
         105    -6.69807    -6.72501   0.0201201
         106    -6.67375    -6.72453   0.0199361
         107    -6.63498    -6.72369   0.0197673
         108    -6.65827    -6.72309   0.0195936
         109    -6.66442    -6.72255   0.0194212
         110     -6.5883    -6.72133    0.019283
         111    -6.68435      -6.721   0.0191121
         112    -6.76354    -6.72138   0.0189453
         113    -6.69969    -6.72118   0.0187786
         114    -6.71406    -6.72112    0.018614
         115    -6.58972    -6.71998   0.0184871
         116    -6.63154    -6.71922   0.0183435
         117    -6.49834    -6.71733   0.0182836
         118    -6.60019    -6.71634   0.0181556
         119    -6.66895    -6.71594   0.0180074
         120    -6.68318    -6.71566   0.0178594
         121    -6.68097    -6.71538   0.0177141
         122    -6.69654    -6.71522   0.0175696
         123     -6.6298    -6.71453   0.0174404
         124     -6.6674    -6.71415   0.0173039
         125    -6.63816    -6.71354   0.0171762
         126    -6.55515    -6.71228   0.0170858
         127    -6.59324    -6.71135   0.0169769
         128    -6.58459    -6.71036   0.0168732
         129    -6.60102    -6.70951   0.0167636
         130    -6.75976    -6.70989   0.0166391
         131    -6.74268    -6.71015    0.016514
         132    -6.64398    -6.70964   0.0163965
         133    -6.62726    -6.70902   0.0162849
         134     -6.6217    -6.70837   0.0161764
         135    -6.71789    -6.70844   0.0160568
         136    -6.76417    -6.70885   0.0159439
         137    -6.76895    -6.70929   0.0158336
         138    -6.74792    -6.70957   0.0157213
         139    -6.78163    -6.71009   0.0156168
         140     -6.6764    -6.70985   0.0155071
         141    -6.73782    -6.71005   0.0153984
         142    -6.69981    -6.70998   0.0152901
         143    -6.66347    -6.70965   0.0151866
         144    -6.68182    -6.70946   0.0150824
         145    -6.73342    -6.70962   0.0149793
         146    -6.69474    -6.70952    0.014877
         147    -6.62065    -6.70892   0.0147881
         148    -6.61964    -6.70831   0.0147005
         149    -6.56838    -6.70737   0.0146318
         150    -6.54538    -6.70629    0.014574
         151    -6.54254    -6.70521   0.0145178
         152    -6.55135     -6.7042   0.0144576
         153    -6.61726    -6.70363   0.0143742
         154    -6.69969     -6.7036   0.0142809
         155    -6.64594    -6.70323   0.0141936
         156    -6.62754    -6.70275   0.0141109
         157    -6.63465    -6.70231   0.0140277
         158    -6.61857    -6.70178   0.0139489
         159    -6.53564    -6.70074   0.0139003
         160    -6.58491    -6.70001   0.0138322
         161    -6.60457    -6.69942    0.013759
         162    -6.64542    -6.69909   0.0136781
         163    -6.56648    -6.69827   0.0136184
         164    -6.56062    -6.69743   0.0135612
         165    -6.58737    -6.69677   0.0134954
         166    -6.63635     -6.6964    0.013419
         167    -6.65088    -6.69613   0.0133414
         168    -6.60954    -6.69562    0.013272
         169     -6.6555    -6.69538   0.0131955
         170    -6.57438    -6.69467   0.0131371
         171    -6.52873     -6.6937   0.0130961
         172    -6.57152    -6.69299   0.0130392
         173    -6.55539    -6.69219    0.012988
         174    -6.58953     -6.6916   0.0129268
         175    -6.56638    -6.69088   0.0128727
         176    -6.51358    -6.68988   0.0128389
         177    -6.53834    -6.68902   0.0127949
         178    -6.58003    -6.68841   0.0127377
         179    -6.53874    -6.68757   0.0126939
         180    -6.56447    -6.68689   0.0126418
         181     -6.6583    -6.68673    0.012573
         182    -6.70041    -6.68681   0.0125041
         183    -6.69398    -6.68685   0.0124358
         184    -6.65305    -6.68666   0.0123696
         185    -6.63454    -6.68638   0.0123059
         186    -6.64563    -6.68616   0.0122417
         187     -6.7264    -6.68638   0.0121782
         188    -6.63499     -6.6861   0.0121165
         189    -6.59273    -6.68561   0.0120624
         190    -6.56458    -6.68497   0.0120157
         191    -6.68653    -6.68498   0.0119528
         192    -6.73866    -6.68526   0.0118938
         193    -6.69857    -6.68533   0.0118324
         194    -6.71948     -6.6855   0.0117727
         195    -6.64723    -6.68531    0.011714
         196    -6.64931    -6.68512   0.0116557
         197    -6.71857    -6.68529   0.0115977
         198    -6.81659    -6.68596   0.0115581
         199    -6.65436     -6.6858   0.0115011
         200     -6.6614    -6.68568   0.0114443
         201    -6.77898    -6.68614   0.0113967
         202    -6.73363    -6.68638   0.0113427
         203    -6.70982    -6.68649   0.0112874
         204    -6.65287    -6.68633   0.0112333
         205    -6.65905    -6.68619   0.0111793
         206     -6.6206    -6.68587   0.0111296
         207    -6.64634    -6.68568   0.0110775
         208    -6.68303    -6.68567   0.0110242
         209    -6.60554    -6.68529   0.0109781
         210    -6.53049    -6.68455   0.0109506
         211    -6.51402    -6.68374   0.0109285
         212    -6.52605      -6.683   0.0109022
         213    -6.50721    -6.68217   0.0108822
         214    -6.53488    -6.68148   0.0108531
         215    -6.59958     -6.6811   0.0108093
         216    -6.49878    -6.68026   0.0107922
         217    -6.59555    -6.67987   0.0107495
         218    -6.52634    -6.67917   0.0107232
         219    -6.66744    -6.67911   0.0106744
         220    -6.64028    -6.67894   0.0106273
         221    -6.55482    -6.67837   0.0105941
         222    -6.62857    -6.67815   0.0105487
         223     -6.6408    -6.67798   0.0105027
         224    -6.58764    -6.67758   0.0104636
         225    -6.64888    -6.67745   0.0104179
         226    -6.63652    -6.67727   0.0103734
         227    -6.68823    -6.67732   0.0103278
         228    -6.67687    -6.67732   0.0102825
         229    -6.69024    -6.67737   0.0102377
         230    -6.74311    -6.67766   0.0101972
         231    -6.70577    -6.67778   0.0101538
         232    -6.72799      -6.678   0.0101123
         233    -6.76604    -6.67837    0.010076
         234    -6.76075    -6.67873   0.0100391
         235    -6.84754    -6.67944    0.010022
         236    -6.83185    -6.68009   0.0100003
         237     -6.8867    -6.68096  0.00999607
         238    -6.85331    -6.68169  0.00998026
         239    -6.81137    -6.68223  0.00995324
         240    -6.77474    -6.68261  0.00991923
         241    -6.81981    -6.68318   0.0098944
         242    -6.72314    -6.68335  0.00985489
         243    -6.75482    -6.68364  0.00981872
         244    -6.80101    -6.68412  0.00979025
         245    -6.80552    -6.68462  0.00976282
         246    -6.86422    -6.68535   0.0097504
         247    -6.77729    -6.68572  0.00971803
         248    -6.82396    -6.68628  0.00969481
         249     -6.7886    -6.68669  0.00966458
         250    -6.78877     -6.6871  0.00963455
         251    -6.77992    -6.68747  0.00960326
         252    -6.71252    -6.68757  0.00956566
         253    -6.69736    -6.68761  0.00952793
         254    -6.68561     -6.6876  0.00949042
         255    -6.64409    -6.68743  0.00945474
         256    -6.66443    -6.68734  0.00941823
         257    -6.64643    -6.68718  0.00938293
         258    -6.63457    -6.68698  0.00934878
         259    -6.65719    -6.68686  0.00931339
         260    -6.61795     -6.6866  0.00928134
         261    -6.54986    -6.68607  0.00926055
         262    -6.57511    -6.68565  0.00923489
         263    -6.62818    -6.68543  0.00920236
         264    -6.56512    -6.68497  0.00917878
         265    -6.58857    -6.68461  0.00915135
         266    -6.49237    -6.68389  0.00914544
         267    -6.43012    -6.68294  0.00916044
         268    -6.38853    -6.68184  0.00919189
         269    -6.53417    -6.68129   0.0091741
         270    -6.61305    -6.68104   0.0091436
         271    -6.68816    -6.68106   0.0091099
         272    -6.64391    -6.68093  0.00907743
         273    -6.65679    -6.68084  0.00904461
         274    -6.69108    -6.68087  0.00901168
         275    -6.64679    -6.68075  0.00897976
         276    -6.66701     -6.6807  0.00894736
         277     -6.6321    -6.68053  0.00891678
         278    -6.68028    -6.68052   0.0088847
         279    -6.72047    -6.68067  0.00885401
         280    -6.69614    -6.68072  0.00882256
         281     -6.6854    -6.68074  0.00879118
         282    -6.65102    -6.68063  0.00876064
         283    -6.59417    -6.68033  0.00873501
         284    -6.61211    -6.68009  0.00870755
         285    -6.62606     -6.6799  0.00867906
         286    -6.61434    -6.67967  0.00865175
         287    -6.63397    -6.67951  0.00862307
         288     -6.6678    -6.67947  0.00859322
         289    -6.58825    -6.67915  0.00856928
         290    -6.60092    -6.67888  0.00854398
         291    -6.58907    -6.67858  0.00852019
         292    -6.53169    -6.67807  0.00850585
         293    -6.51314    -6.67751  0.00849542
         294    -6.46996     -6.6768  0.00849581
         295    -6.50385    -6.67622  0.00848721
         296    -6.48012    -6.67556  0.00848436
         297    -6.46646    -6.67485  0.00848495
         298     -6.4698    -6.67416  0.00848433
         299    -6.52542    -6.67367  0.00847053
         300    -6.64151    -6.67356  0.00844297
         301    -6.54899    -6.67314  0.00842506
         302    -6.60627    -6.67292  0.00840007
         303    -6.70737    -6.67304  0.00837312
         304     -6.7025    -6.67313  0.00834613
         305    -6.63853    -6.67302  0.00831954
         306    -6.65408    -6.67296  0.00829258
         307     -6.6966    -6.67304  0.00826593
         308    -6.74638    -6.67327  0.00824252
         309    -6.72115    -6.67343   0.0082173
         310    -6.77094    -6.67374  0.00819681
         311    -6.77171    -6.67406  0.00817651
         312    -6.75915    -6.67433  0.00815485
         313    -6.76764    -6.67463  0.00813424
         314    -6.83084    -6.67513  0.00812353
         315    -6.77199    -6.67543  0.00810356
         316    -6.73403    -6.67562  0.00808004
         317    -6.79181    -6.67599  0.00806286
         318    -6.81335    -6.67642  0.00804907
         319    -6.79193    -6.67678  0.00803198
         320    -6.75826    -6.67703  0.00801091
         321    -6.69221    -6.67708   0.0079861
         322    -6.77443    -6.67738  0.00796701
         323     -6.7524    -6.67762  0.00794573
         324    -6.77522    -6.67792  0.00792692
         325    -6.79659    -6.67828  0.00791093
         326    -6.87479    -6.67889   0.0079096
         327    -6.91516    -6.67961  0.00791834
         328    -6.84347    -6.68011  0.00790995
         329    -6.85327    -6.68063   0.0079034
         330    -6.85892    -6.68117  0.00789789
         331    -6.87435    -6.68176  0.00789556
         332    -6.82101    -6.68218  0.00788291
         333    -6.86747    -6.68273  0.00787885
         334    -6.84723    -6.68323  0.00787064
         335    -6.92218    -6.68394   0.0078794
         336    -6.91161    -6.68462  0.00788503
         337    -6.82115    -6.68502  0.00787204
         338    -6.74364     -6.6852  0.00785066
         339    -6.81095    -6.68557  0.00783626
         340     -6.8058    -6.68592  0.00782119
         341    -6.82608    -6.68633  0.00780904
         342    -6.86555    -6.68686  0.00780377
         343    -6.81834    -6.68724  0.00779043
         344    -6.86418    -6.68775  0.00778474
         345    -6.81996    -6.68814  0.00777161
         346    -6.85521    -6.68862  0.00776413
         347     -6.8297    -6.68903   0.0077524
         348    -6.84672    -6.68948  0.00774335
         349    -6.71805    -6.68956   0.0077216
         350    -6.77231     -6.6898  0.00770315
         351    -6.67721    -6.68976  0.00768129
         352    -6.66986     -6.6897  0.00765968
         353    -6.72577    -6.68981  0.00763866
         354     -6.7791    -6.69006  0.00762124
         355    -6.64276    -6.68993  0.00760094
         356    -6.66105    -6.68984  0.00758002
         357    -6.74876    -6.69001  0.00756059
         358    -6.74182    -6.69015  0.00754085
         359     -6.8045    -6.69047  0.00752657
         360    -6.86893    -6.69097  0.00752197
         361    -6.90305    -6.69156  0.00752404
         362     -6.8548    -6.69201  0.00751676
         363    -6.83853    -6.69241  0.00750688
         364    -6.82736    -6.69278  0.00749541
         365    -6.81276    -6.69311  0.00748208
         366    -6.85253    -6.69355   0.0074743
         367    -6.79215    -6.69381  0.00745876
         368    -6.74839    -6.69396  0.00743997
         369    -6.71442    -6.69402  0.00742001
         370    -6.79732     -6.6943  0.00740521
         371    -6.75933    -6.69447  0.00738732
         372    -6.76472    -6.69466  0.00736988
         373       -6.68    -6.69462  0.00735023
         374    -6.63865    -6.69447   0.0073321
         375    -6.71003    -6.69451  0.00731266
         376    -6.68925     -6.6945  0.00729323
         377    -6.70159    -6.69452   0.0072739
         378    -6.75974    -6.69469  0.00725671
         379    -6.75025    -6.69484  0.00723904
         380    -6.63513    -6.69468   0.0072217
         381    -6.62878    -6.69451  0.00720481
         382    -6.59697    -6.69425  0.00719047
         383    -6.54769    -6.69387  0.00718188
         384    -6.57106    -6.69355  0.00717029
         385     -6.5508    -6.69318  0.00716125
         386    -6.57056    -6.69286  0.00714974
         387    -6.56309    -6.69253  0.00713912
         388     -6.6386    -6.69239  0.00712207
         389    -6.70668    -6.69242  0.00710386
         390    -6.60668     -6.6922  0.00708905
         391    -6.61345      -6.692  0.00707378
         392    -6.64846    -6.69189   0.0070566
         393    -6.64143    -6.69176  0.00703982
         394    -6.65913    -6.69168  0.00702244
         395    -6.64493    -6.69156  0.00700565
         396    -6.74806    -6.69171  0.00698942
         397     -6.7519    -6.69186  0.00697346
         398    -6.68564    -6.69184  0.00695595
         399    -6.68146    -6.69182  0.00693857
         400    -6.60862    -6.69161  0.00692434
         401    -6.60268    -6.69139  0.00691062
         402    -6.56642    -6.69107  0.00690042
         403    -6.57919     -6.6908  0.00688888
         404    -6.63593    -6.69066  0.00687317
         405    -6.69135    -6.69066  0.00685619
         406    -6.68317    -6.69064  0.00683933
         407    -6.76998    -6.69084  0.00682531
         408    -6.80183    -6.69111    0.006814
         409    -6.76514    -6.69129  0.00679974
         410    -6.69682    -6.69131  0.00678317
         411    -6.61609    -6.69112  0.00676913
         412    -6.63333    -6.69098  0.00675416
         413    -6.71647    -6.69104  0.00673808
         414    -6.70306    -6.69107  0.00672187
         415    -6.71636    -6.69113  0.00670595
         416    -6.76589    -6.69131  0.00669224
         417    -6.79133    -6.69155  0.00668048
         418    -6.80518    -6.69183  0.00667003
         419    -6.75402    -6.69197  0.00665576
         420    -6.72394    -6.69205  0.00664035
         421    -6.81985    -6.69235  0.00663151
         422    -6.84141    -6.69271   0.0066252
         423    -6.75649    -6.69286  0.00661125
         424    -6.78568    -6.69308  0.00659928
         425    -6.73836    -6.69318  0.00658462
         426    -6.70673    -6.69321  0.00656924
         427     -6.7173    -6.69327  0.00655409
         428    -6.68224    -6.69325  0.00653883
         429    -6.66258    -6.69317  0.00652398
         430    -6.60546    -6.69297    0.006512
         431    -6.57905    -6.69271  0.00650225
         432     -6.5722    -6.69243  0.00649318
         433    -6.55393    -6.69211  0.00648606
         434    -6.53368    -6.69174  0.00648138
         435    -6.49949     -6.6913  0.00648153
         436    -6.56106      -6.691  0.00647354
         437    -6.49073    -6.69054  0.00647493
         438    -6.61833    -6.69038  0.00646224
         439    -6.61142     -6.6902  0.00645003
         440      -6.627    -6.69005  0.00643697
         441    -6.69986    -6.69008  0.00642241
         442    -6.70026     -6.6901  0.00640792
         443    -6.72096    -6.69017  0.00639383
         444    -6.64014    -6.69006  0.00638043
         445    -6.63214    -6.68993  0.00636742
         446    -6.65625    -6.68985  0.00635359
         447    -6.68984    -6.68985  0.00633937
         448    -6.64289    -6.68975  0.00632609
         449    -6.60496    -6.68956  0.00631482
         450    -6.66836    -6.68951  0.00630096
         451    -6.68386     -6.6895    0.006287
         452     -6.5867    -6.68927   0.0062772
         453    -6.55928    -6.68898   0.0062699
         454    -6.63546    -6.68887   0.0062572
         455    -6.63676    -6.68875   0.0062445
         456    -6.66223    -6.68869  0.00623107
         457    -6.69875    -6.68871  0.00621748
         458    -6.63821     -6.6886  0.00620488
         459    -6.58105    -6.68837  0.00619578
         460    -6.68886    -6.68837  0.00618232
         461    -6.76476    -6.68854  0.00617113
         462    -6.75924    -6.68869  0.00615967
         463    -6.79213    -6.68891  0.00615041
         464    -6.75444    -6.68905  0.00613878
         465    -6.67693    -6.68903  0.00612563
         466    -6.73678    -6.68913  0.00611334
         467    -6.67879    -6.68911  0.00610029
         468    -6.74667    -6.68923   0.0060885
         469    -6.78031    -6.68943  0.00607861
         470     -6.6772     -6.6894  0.00606574
         471    -6.66094    -6.68934  0.00605316
         472    -6.72093    -6.68941   0.0060407
         473    -6.72447    -6.68948  0.00602839
         474    -6.67527    -6.68945  0.00601574
         475    -6.74772    -6.68957  0.00600433
         476    -6.73384    -6.68967  0.00599244
         477    -6.82787    -6.68996  0.00598687
         478    -6.79291    -6.69017  0.00597822
         479     -6.7822    -6.69036  0.00596883
         480    -6.83237    -6.69066  0.00596372
         481    -6.82017    -6.69093   0.0059574
         482    -6.76323    -6.69108  0.00594692
         483      -6.825    -6.69136  0.00594107
         484     -6.7903    -6.69156  0.00593231
         485    -6.79942    -6.69178  0.00592425
         486    -6.76317    -6.69193  0.00591388
         487    -6.70474    -6.69196  0.00590179
         488    -6.66026    -6.69189  0.00589006
         489    -6.64183    -6.69179   0.0058789
         490    -6.64218    -6.69169  0.00586778
         491    -6.55888    -6.69142  0.00586206
         492    -6.58303     -6.6912  0.00585428
         493    -6.53873    -6.69089  0.00585057
         494    -6.57984    -6.69066  0.00584304
         495    -6.51404    -6.69031  0.00584212
         496    -6.53624       -6.69   0.0058386
         497    -6.61296    -6.68984   0.0058289
         498    -6.66631    -6.68979  0.00581739
         499    -6.54658    -6.68951  0.00581281
         500    -6.69445    -6.68952  0.00580119
         501    -6.68198     -6.6895  0.00578963
         502    -6.68772     -6.6895   0.0057781
         503    -6.70739    -6.68953  0.00576672
         504    -6.72436     -6.6896  0.00575569
         505    -6.61403    -6.68945  0.00574624
         506    -6.67834    -6.68943  0.00573493
         507    -6.67478     -6.6894  0.00572369
         508    -6.70029    -6.68942  0.00571246
         509    -6.77583    -6.68959  0.00570376
         510    -6.77414    -6.68976  0.00569499
         511    -6.78598    -6.68995  0.00568695
         512    -6.74604    -6.69006   0.0056769
         513    -6.85035    -6.69037  0.00567443
         514    -6.79496    -6.69057  0.00566704
         515    -6.77179    -6.69073  0.00565823
         516    -6.73065    -6.69081  0.00564779
         517    -6.76565    -6.69095  0.00563872
         518    -6.76616     -6.6911   0.0056297
         519    -6.67845    -6.69107  0.00561891
         520    -6.61752    -6.69093  0.00560988
         521    -6.62486     -6.6908  0.00560055
         522    -6.56626    -6.69057   0.0055949
         523    -6.59372    -6.69038  0.00558727
         524    -6.62386    -6.69025  0.00557805
         525    -6.68134    -6.69024  0.00556745
         526    -6.68503    -6.69023  0.00555687
         527    -6.66248    -6.69017  0.00554658
         528    -6.69143    -6.69018  0.00553607
         529     -6.7522    -6.69029  0.00552685
         530     -6.7099    -6.69033  0.00551654
         531    -6.65883    -6.69027  0.00550647
         532    -6.69312    -6.69028  0.00549613
         533    -6.67908    -6.69026  0.00548585
         534    -6.69348    -6.69026  0.00547558
         535    -6.66686    -6.69022  0.00546552
         536    -6.67794     -6.6902  0.00545538
         537    -6.70902    -6.69023  0.00544533
         538    -6.68286    -6.69022  0.00543522
         539    -6.75086    -6.69033  0.00542631
         540     -6.6989    -6.69035  0.00541628
         541    -6.71957     -6.6904  0.00540654
         542    -6.71542    -6.69045  0.00539676
         543     -6.7133    -6.69049  0.00538698
         544     -6.7488    -6.69059  0.00537815
         545    -6.76098    -6.69072  0.00536983
         546    -6.72567    -6.69079  0.00536038
         547    -6.75992    -6.69091  0.00535207
         548    -6.80535    -6.69112  0.00534637
         549    -6.74937    -6.69123  0.00533769
         550    -6.77179    -6.69138  0.00532999
         551    -6.75907     -6.6915  0.00532173
         552     -6.7778    -6.69165  0.00531439
         553    -6.82388    -6.69189  0.00531016
         554    -6.79929    -6.69209  0.00530411
         555    -6.70209    -6.69211  0.00529458
         556    -6.68234    -6.69209  0.00528509
         557    -6.68798    -6.69208   0.0052756
         558    -6.74122    -6.69217  0.00526689
         559     -6.7758    -6.69232  0.00525959
         560    -6.81274    -6.69253  0.00525459
         561    -6.74818    -6.69263  0.00524616
         562     -6.7914    -6.69281  0.00523977
         563    -6.71268    -6.69284  0.00523058
         564    -6.73072    -6.69291  0.00522174
         565    -6.74974    -6.69301  0.00521346
         566    -6.81895    -6.69323    0.005209
         567    -6.80401    -6.69343  0.00520347
         568     -6.8344    -6.69368  0.00520023
         569    -6.84863    -6.69395  0.00519821
         570    -6.81412    -6.69416  0.00519337
         571    -6.74125    -6.69424  0.00518493
         572    -6.71527    -6.69428  0.00517599
         573    -6.69486    -6.69428  0.00516696
         574    -6.68554    -6.69427  0.00515798
         575    -6.62002    -6.69414  0.00515063
         576     -6.6509    -6.69406  0.00514223
         577    -6.61786    -6.69393  0.00513501
         578    -6.62111     -6.6938  0.00512768
         579    -6.62306    -6.69368  0.00512028
         580    -6.62444    -6.69356  0.00511284
         581    -6.65827     -6.6935   0.0051044
         582    -6.59782    -6.69334  0.00509828
         583    -6.72938     -6.6934  0.00508991
         584    -6.64681    -6.69332  0.00508181
         585    -6.61843    -6.69319  0.00507474
         586    -6.61062    -6.69305  0.00506804
         587    -6.59654    -6.69289  0.00506207
         588    -6.53617    -6.69262  0.00506047
         589    -6.61728    -6.69249   0.0050535
         590    -6.64827    -6.69242  0.00504549
         591    -6.65859    -6.69236  0.00503727
         592    -6.62103    -6.69224  0.00503021
         593    -6.66805     -6.6922  0.00502189
         594    -6.75607    -6.69231  0.00501458
         595     -6.7272    -6.69236   0.0050065
         596    -6.76756    -6.69249  0.00499969
         597    -6.76388    -6.69261  0.00499274
         598    -6.72211    -6.69266  0.00498464
         599    -6.69821    -6.69267  0.00497633
         600    -6.65719    -6.69261  0.00496838
         601     -6.7612    -6.69272  0.00496143
         602    -6.78894    -6.69288  0.00495576
         603     -6.7174    -6.69292  0.00494771
         604    -6.78312    -6.69307  0.00494177
         605     -6.7544    -6.69317  0.00493464
         606    -6.74299    -6.69326  0.00492718
         607    -6.74804    -6.69335  0.00491989
         608    -6.73955    -6.69342  0.00491239
         609    -6.78486    -6.69357  0.00490661
         610    -6.78429    -6.69372  0.00490082
         611     -6.6999    -6.69373  0.00489281
         612    -6.62437    -6.69362  0.00488613
         613    -6.68179     -6.6936   0.0048782
         614    -6.67737    -6.69357  0.00487032
         615    -6.73978    -6.69365  0.00486298
         616    -6.69609    -6.69365  0.00485509
         617     -6.7367    -6.69372  0.00484772
         618    -6.70555    -6.69374  0.00483992
         619     -6.6834    -6.69372  0.00483213
         620    -6.72822    -6.69378  0.00482465
         621    -6.69705    -6.69378  0.00481689
         622    -6.71051    -6.69381  0.00480922
         623    -6.69444    -6.69381   0.0048015
         624    -6.76207    -6.69392  0.00479505
         625    -6.73228    -6.69398  0.00478777
         626    -6.73686    -6.69405  0.00478061
         627    -6.69573    -6.69405  0.00477299
         628     -6.6828    -6.69404  0.00476542
         629    -6.68141    -6.69402  0.00475789
         630    -6.70507    -6.69403  0.00475037
         631    -6.63507    -6.69394  0.00474376
         632    -6.74229    -6.69402  0.00473687
         633    -6.67877    -6.69399  0.00472945
         634    -6.62696    -6.69389  0.00472317
         635    -6.70226     -6.6939  0.00471575
         636    -6.68956    -6.69389  0.00470834
         637    -6.61463    -6.69377  0.00470259
         638    -6.68158    -6.69375  0.00469526
         639    -6.63317    -6.69366  0.00468887
         640    -6.70816    -6.69368   0.0046816
         641    -6.68125    -6.69366  0.00467434
         642    -6.72852    -6.69371  0.00466737
         643    -6.72276    -6.69376  0.00466033
         644    -6.73883    -6.69383  0.00465362
         645    -6.69014    -6.69382  0.00464641
         646    -6.67808     -6.6938  0.00463928
         647    -6.67878    -6.69377  0.00463217
         648    -6.68607    -6.69376  0.00462503
         649    -6.74198    -6.69384   0.0046185
         650    -6.80742    -6.69401   0.0046147
         651    -6.74782    -6.69409  0.00460835
         652    -6.75701    -6.69419   0.0046023
         653    -6.75867    -6.69429  0.00459631
         654    -6.76142    -6.69439  0.00459043
         655    -6.75558    -6.69449  0.00458437
         656    -6.69837    -6.69449  0.00457738
         657    -6.72716    -6.69454  0.00457069
         658     -6.7046    -6.69456  0.00456377
         659    -6.73406    -6.69462  0.00455723
         660    -6.78265    -6.69475  0.00455228
         661    -6.73822    -6.69482  0.00454587
         662    -6.71703    -6.69485  0.00453912
         663      -6.655    -6.69479  0.00453268
         664    -6.70605    -6.69481  0.00452588
         665    -6.61526    -6.69469  0.00452066
         666    -6.74296    -6.69476  0.00451445
         667    -6.73595    -6.69482   0.0045081
         668    -6.70233    -6.69483  0.00450137
         669    -6.74758    -6.69491  0.00449533
         670    -6.74114    -6.69498  0.00448915
         671    -6.76124    -6.69508  0.00448355
         672    -6.70662     -6.6951  0.00447691
         673    -6.73653    -6.69516  0.00447068
         674    -6.58553    -6.69499    0.004467
         675    -6.60022    -6.69485  0.00446259
         676    -6.56853    -6.69467   0.0044599
         677    -6.47965    -6.69435  0.00446461
         678    -6.53758    -6.69412  0.00446401
         679    -6.46552    -6.69378  0.00447011
         680    -6.45621    -6.69343  0.00447717
         681    -6.46612     -6.6931  0.00448302
         682    -6.56176    -6.69291  0.00448058
         683    -6.58621    -6.69275  0.00447674
         684    -6.57257    -6.69257  0.00447364
         685    -6.58784    -6.69242  0.00446973
         686    -6.60976     -6.6923  0.00446483
         687    -6.64612    -6.69223  0.00445884
         688    -6.74582    -6.69231  0.00445304
         689    -6.74432    -6.69239  0.00444722
         690    -6.78162    -6.69252  0.00444265
         691    -6.75652    -6.69261  0.00443719
         692    -6.76125    -6.69271  0.00443188
         693    -6.73194    -6.69277  0.00442585
         694    -6.71574     -6.6928   0.0044196
         695    -6.69689     -6.6928  0.00441324
         696    -6.74916    -6.69288  0.00440764
         697    -6.79957    -6.69304  0.00440398
         698    -6.88408    -6.69331  0.00440616
         699    -6.84714    -6.69353  0.00440535
         700    -6.83919    -6.69374  0.00440397
         701    -6.76751    -6.69385  0.00439895
         702    -6.70113    -6.69386  0.00439269
         703    -6.68462    -6.69384  0.00438646
         704    -6.72653    -6.69389  0.00438048
         705    -6.74547    -6.69396  0.00437488
         706    -6.74028    -6.69403  0.00436917
         707    -6.62381    -6.69393  0.00436412
         708    -6.58958    -6.69378  0.00436044
         709    -6.68385    -6.69377  0.00435432
         710    -6.59898    -6.69363  0.00435023
         711    -6.64021    -6.69356  0.00434476
         712    -6.69851    -6.69357  0.00433866
         713    -6.68319    -6.69355   0.0043326
         714    -6.70639    -6.69357  0.00432657
         715     -6.7054    -6.69359  0.00432055
         716    -6.68673    -6.69358  0.00431453
         717    -6.74117    -6.69364  0.00430902
         718    -6.73863     -6.6937  0.00430348
         719    -6.73468    -6.69376  0.00429787
         720      -6.695    -6.69376   0.0042919
         721    -6.61697    -6.69366  0.00428727
         722    -6.62436    -6.69356   0.0042824
         723    -6.62547    -6.69347  0.00427752
         724    -6.73557    -6.69352    0.004272
         725    -6.68086    -6.69351  0.00426615
         726    -6.68035    -6.69349  0.00426031
         727    -6.71645    -6.69352  0.00425457
         728    -6.67388    -6.69349  0.00424881
         729    -6.62431     -6.6934  0.00424404
         730    -6.67467    -6.69337   0.0042383
         731    -6.70267    -6.69339  0.00423252
         732     -6.6811    -6.69337  0.00422677
         733     -6.6732    -6.69334   0.0042211
         734    -6.61881    -6.69324  0.00421657
         735    -6.63855    -6.69317  0.00421149
         736    -6.67691    -6.69314  0.00420582
         737     -6.5566    -6.69296   0.0042042
         738     -6.6213    -6.69286  0.00419962
         739    -6.68728    -6.69285  0.00419394
         740    -6.68893    -6.69285  0.00418828
         741    -6.69359    -6.69285  0.00418263
         742     -6.6626    -6.69281  0.00417719
         743    -6.67326    -6.69278  0.00417165
         744    -6.61476    -6.69268  0.00416736
         745    -6.63226     -6.6926  0.00416256
         746    -6.62991    -6.69251  0.00415782
         747    -6.65588    -6.69246  0.00415255
         748    -6.66073    -6.69242  0.00414721
         749    -6.61352    -6.69232  0.00414301
         750    -6.65287    -6.69226  0.00413782
         751    -6.70055    -6.69227  0.00413233
         752     -6.5965    -6.69215   0.0041288
         753    -6.68114    -6.69213  0.00412334
         754    -6.72567    -6.69218  0.00411811
         755    -6.74982    -6.69225  0.00411336
         756     -6.7457    -6.69232  0.00410853
         757    -6.75303     -6.6924  0.00410388
         758    -6.70798    -6.69242  0.00409852
         759    -6.55583    -6.69224  0.00409707
         760    -6.59324    -6.69211  0.00409375
         761    -6.60758      -6.692  0.00408988
         762    -6.60929    -6.69189  0.00408595
         763    -6.66554    -6.69186  0.00408074
         764    -6.64255     -6.6918  0.00407591
         765    -6.63062    -6.69172  0.00407137
         766    -6.66001    -6.69167  0.00406626
         767    -6.65749    -6.69163  0.00406121
         768    -6.73897    -6.69169  0.00405639
         769    -6.77717     -6.6918  0.00405263
         770    -6.67863    -6.69179  0.00404741
         771    -6.64061    -6.69172   0.0040427
         772    -6.63546    -6.69165  0.00403812
         773    -6.59829    -6.69153   0.0040347
         774    -6.61053    -6.69142  0.00403085
         775    -6.62036    -6.69133  0.00402669
         776    -6.59142     -6.6912  0.00402356
         777    -6.56761    -6.69104  0.00402152
         778    -6.62248    -6.69095  0.00401732
         779     -6.6828    -6.69094  0.00401217
         780    -6.68874    -6.69094  0.00400703
         781    -6.62372    -6.69085  0.00400283
         782     -6.6715    -6.69083  0.00399778
         783    -6.69795    -6.69084  0.00399269
         784    -6.61703    -6.69074   0.0039887
         785    -6.69144    -6.69074  0.00398362
         786    -6.71948    -6.69078  0.00397872
         787    -6.71125    -6.69081  0.00397375
         788    -6.66424    -6.69077  0.00396885
         789    -6.67837    -6.69076  0.00396385
         790    -6.62227    -6.69067  0.00395978
         791    -6.75767    -6.69076  0.00395568
         792    -6.72761     -6.6908  0.00395096
         793    -6.72523    -6.69085  0.00394622
         794    -6.60459    -6.69074  0.00394274
         795    -6.61911    -6.69065  0.00393881
         796    -6.64955     -6.6906   0.0039342
         797    -6.60831    -6.69049  0.00393062
         798    -6.59114    -6.69037  0.00392767
         799    -6.59871    -6.69025  0.00392443
         800    -6.72987     -6.6903  0.00391983
         801    -6.65261    -6.69026  0.00391522
         802    -6.62486    -6.69017  0.00391119
         803    -6.58138    -6.69004  0.00390867
         804    -6.55251    -6.68987  0.00390754
         805    -6.59987    -6.68976  0.00390429
         806    -6.69858    -6.68977  0.00389946
         807    -6.71602     -6.6898  0.00389476
         808    -6.65917    -6.68976  0.00389013
         809    -6.68876    -6.68976  0.00388532
         810    -6.65071    -6.68971  0.00388082
         811     -6.6635    -6.68968  0.00387617
         812    -6.67312    -6.68966  0.00387145
         813    -6.62358    -6.68958  0.00386754
         814     -6.6911    -6.68958  0.00386279
         815    -6.77045    -6.68968  0.00385933
         816    -6.68316    -6.68967  0.00385461
         817    -6.64679    -6.68962  0.00385024
         818    -6.66964    -6.68959  0.00384562
         819    -6.66649    -6.68957  0.00384102
         820    -6.73596    -6.68962  0.00383676
         821    -6.65875    -6.68958  0.00383227
         822    -6.74345    -6.68965  0.00382816
         823    -6.67328    -6.68963  0.00382357
         824    -6.65303    -6.68959  0.00381918
         825    -6.55725    -6.68943  0.00381792
         826    -6.69708    -6.68943  0.00381331
         827    -6.70508    -6.68945  0.00380875
         828    -6.72948     -6.6895  0.00380445
         829     -6.7024    -6.68952  0.00379989
         830    -6.68866    -6.68952  0.00379532
         831    -6.68151    -6.68951  0.00379076
         832    -6.65287    -6.68946  0.00378646
         833    -6.71962     -6.6895  0.00378209
         834     -6.7549    -6.68958  0.00377837
         835    -6.71552    -6.68961  0.00377397
         836    -6.60317    -6.68951  0.00377087
         837    -6.65332    -6.68946  0.00376661
         838    -6.63482     -6.6894  0.00376268
         839     -6.6047     -6.6893  0.00375955
         840    -6.57005    -6.68915  0.00375776
         841    -6.63419    -6.68909  0.00375386
         842    -6.64009    -6.68903  0.00374985
         843    -6.71666    -6.68906  0.00374554
         844    -6.66296    -6.68903  0.00374123
         845    -6.73876    -6.68909  0.00373727
         846    -6.77997     -6.6892   0.0037344
         847    -6.79153    -6.68932  0.00373194
         848    -6.85766    -6.68952  0.00373282
         849    -6.76473    -6.68961  0.00372947
         850    -6.71482    -6.68964   0.0037252
         851    -6.75452    -6.68971   0.0037216
         852    -6.69286    -6.68972  0.00371724
         853    -6.64805    -6.68967   0.0037132
         854    -6.58613    -6.68955  0.00371083
         855    -6.57157    -6.68941  0.00370905
         856    -6.47115    -6.68915  0.00371348
         857    -6.51966    -6.68895   0.0037144
         858    -6.54899    -6.68879  0.00371366
         859    -6.63938    -6.68873  0.00370978
         860    -6.73223    -6.68878  0.00370581
         861    -6.76104    -6.68887  0.00370246
         862    -6.75971    -6.68895  0.00369907
         863    -6.70722    -6.68897  0.00369485
         864    -6.71907    -6.68901  0.00369073
         865    -6.73241    -6.68906  0.00368681
         866     -6.8054    -6.68919    0.003685
         867    -6.76763    -6.68928  0.00368186
         868    -6.82132    -6.68943  0.00368076
         869    -6.91129    -6.68969  0.00368536
         870    -6.85959    -6.68988   0.0036863
         871    -6.88108     -6.6901   0.0036886
         872    -6.89119    -6.69033  0.00369157
         873    -6.84019    -6.69051  0.00369133
         874    -6.94162    -6.69079  0.00369827
         875    -6.92636    -6.69106  0.00370383
         876    -6.89215    -6.69129  0.00370671
         877    -6.87642     -6.6915  0.00370849
         878    -6.89631    -6.69174  0.00371159
         879    -6.90622    -6.69198  0.00371538
         880    -6.77697    -6.69208  0.00371241
         881    -6.74974    -6.69214  0.00370878
         882      -6.692    -6.69214  0.00370457
         883    -6.67769    -6.69213  0.00370041
         884    -6.74759    -6.69219  0.00369676
         885    -6.74007    -6.69224  0.00369298
         886    -6.67881    -6.69223  0.00368884
         887     -6.5523    -6.69207  0.00368805
         888    -6.65975    -6.69203  0.00368408
         889     -6.6572    -6.69199  0.00368014
         890    -6.69275      -6.692  0.00367601
         891    -6.67041    -6.69197  0.00367196
         892    -6.66663    -6.69194  0.00366796
         893    -6.59045    -6.69183  0.00366561
         894    -6.68664    -6.69182  0.00366151
         895    -6.68106    -6.69181  0.00365744
         896    -6.60926    -6.69172  0.00365452
         897    -6.63108    -6.69165  0.00365107
         898    -6.67379    -6.69163  0.00364706
         899    -6.64022    -6.69157  0.00364345
         900    -6.64665    -6.69152  0.00363975
         901    -6.68614    -6.69152  0.00363571
         902     -6.7412    -6.69157   0.0036321
         903     -6.6915    -6.69157  0.00362808
         904    -6.73424    -6.69162  0.00362437
         905    -6.74659    -6.69168  0.00362087
         906    -6.75575    -6.69175  0.00361757
         907    -6.76575    -6.69183   0.0036145
         908    -6.79053    -6.69194  0.00361215
         909    -6.70672    -6.69196  0.00360821
         910    -6.65762    -6.69192  0.00360445
         911    -6.70807    -6.69194  0.00360053
         912    -6.72161    -6.69197  0.00359673
         913    -6.77471    -6.69206  0.00359393
         914    -6.78602    -6.69216  0.00359147
         915    -6.67936    -6.69215  0.00358757
         916    -6.75865    -6.69222  0.00358439
         917    -6.78947    -6.69233  0.00358205
         918    -6.75655     -6.6924  0.00357883
         919     -6.8634    -6.69259  0.00357977
         920    -6.80858    -6.69271   0.0035781
         921    -6.84102    -6.69287  0.00357784
         922    -6.78415    -6.69297  0.00357533
         923    -6.84949    -6.69314  0.00357547
         924    -6.82318    -6.69328  0.00357437
         925    -6.75079    -6.69334  0.00357105
         926    -6.67255    -6.69332  0.00356726
         927    -6.71431    -6.69334  0.00356349
         928    -6.67717    -6.69333  0.00355969
         929    -6.75205    -6.69339  0.00355642
         930    -6.74235    -6.69344  0.00355298
         931    -6.79193    -6.69355  0.00355074
         932    -6.76647    -6.69363  0.00354779
         933    -6.74685    -6.69368  0.00354445
         934    -6.74366    -6.69374  0.00354106
         935    -6.67527    -6.69372  0.00353733
         936    -6.70199    -6.69373  0.00353356
         937    -6.63492    -6.69366  0.00353035
         938    -6.60999    -6.69357  0.00352771
         939    -6.62074     -6.6935   0.0035248
         940    -6.68403    -6.69349  0.00352107
         941    -6.65554    -6.69345  0.00351756
         942    -6.64426    -6.69339  0.00351421
         943    -6.66998    -6.69337  0.00351057
         944    -6.55791    -6.69323  0.00350979
         945    -6.58284    -6.69311  0.00350801
         946    -6.57318    -6.69298   0.0035066
         947    -6.57405    -6.69286  0.00350514
         948    -6.65418    -6.69282  0.00350168
         949    -6.71946    -6.69284   0.0034981
         950    -6.65958    -6.69281   0.0034946
         951    -6.71439    -6.69283    0.003491
         952     -6.6587     -6.6928  0.00348751
         953    -6.72784    -6.69283  0.00348405
         954     -6.6744    -6.69281  0.00348045
         955    -6.71234    -6.69283  0.00347686
         956    -6.66533    -6.69281  0.00347335
         957    -6.68861     -6.6928  0.00346972
         958    -6.68467    -6.69279  0.00346611
         959    -6.68314    -6.69278  0.00346251
         960    -6.73497    -6.69283  0.00345918
         961    -6.69251    -6.69283  0.00345558
         962    -6.76732     -6.6929  0.00345286
         963    -6.80691    -6.69302   0.0034513
         964    -6.74044    -6.69307  0.00344807
         965    -6.76885    -6.69315  0.00344539
         966    -6.79862    -6.69326  0.00344355
         967    -6.82221    -6.69339  0.00344257
         968    -6.75708    -6.69346  0.00343965
         969    -6.79473    -6.69356  0.00343768
         970    -6.87645    -6.69375  0.00343931
         971    -6.85321    -6.69391  0.00343968
         972    -6.75057    -6.69397  0.00343664
         973    -6.73318    -6.69401  0.00343334
         974    -6.75186    -6.69407  0.00343033
         975    -6.74757    -6.69413  0.00342725
         976    -6.78391    -6.69422  0.00342497
         977    -6.66747    -6.69419  0.00342158
         978    -6.64248    -6.69414  0.00341849
         979    -6.61504    -6.69406  0.00341595
         980    -6.57104    -6.69393  0.00341477
         981    -6.59336    -6.69383  0.00341283
         982    -6.65175    -6.69379  0.00340962
         983    -6.72597    -6.69382  0.00340631
         984    -6.69666    -6.69382  0.00340285
         985    -6.59599    -6.69372  0.00340085
         986    -6.53521    -6.69356  0.00340119
         987    -6.60367    -6.69347  0.00339897
         988    -6.63068    -6.69341  0.00339612
         989    -6.63055    -6.69335  0.00339328
         990    -6.64751     -6.6933  0.00339017
         991    -6.70053    -6.69331  0.00338676
         992    -6.70264    -6.69332  0.00338336
         993    -6.68734    -6.69331  0.00337995
         994    -6.74519    -6.69336  0.00337696
         995    -6.75743    -6.69343  0.00337418
         996    -6.75228    -6.69349  0.00337131
         997    -6.68464    -6.69348  0.00336794
         998    -6.79875    -6.69358  0.00336621
         999    -6.70329    -6.69359  0.00336286
        1000    -6.67062    -6.69357  0.00335957
        1001    -6.62368     -6.6935  0.00335694
        1002    -6.66797    -6.69347  0.00335369
        1003    -6.70401    -6.69348  0.00335036
        1004    -6.69755    -6.69349  0.00334703
        1005    -6.66396    -6.69346  0.00334383
        1006    -6.75027    -6.69351  0.00334098
        1007    -6.74895    -6.69357  0.00333812
        1008    -6.73177    -6.69361  0.00333502
        1009    -6.70085    -6.69361  0.00333172
        1010    -6.68485    -6.69361  0.00332843
        1011    -6.69179     -6.6936  0.00332514
        1012    -6.60839    -6.69352  0.00332292
        1013    -6.65785    -6.69349  0.00331983
        1014    -6.74412    -6.69354  0.00331693
        1015    -6.74599    -6.69359  0.00331406
        1016     -6.6063     -6.6935  0.00331192
        1017    -6.64959    -6.69346  0.00330894
        1018    -6.59923    -6.69337  0.00330699
        1019    -6.53508    -6.69321  0.00330739
        1020    -6.58622     -6.6931  0.00330581
        1021    -6.66717    -6.69308  0.00330267
        1022    -6.59989    -6.69299  0.00330069
        1023    -6.67845    -6.69297   0.0032975
        1024    -6.69604    -6.69298  0.00329428
        1025    -6.56196    -6.69285  0.00329354
        1026    -6.61627    -6.69277  0.00329118
        1027    -6.55072    -6.69264  0.00329088
        1028    -6.61413    -6.69256  0.00328856
        1029    -6.63646    -6.69251  0.00328582
        1030    -6.69636    -6.69251  0.00328263
        1031    -6.61668    -6.69244  0.00328027
        1032    -6.62408    -6.69237  0.00327776
        1033    -6.64241    -6.69232  0.00327495
        1034    -6.60503    -6.69224  0.00327287
        1035    -6.60191    -6.69215  0.00327087
        1036    -6.63198    -6.69209  0.00326823
        1037    -6.61634    -6.69202  0.00326589
        1038    -6.60792    -6.69194  0.00326375
        1039    -6.61679    -6.69186  0.00326141
        1040    -6.55838    -6.69174   0.0032608
        1041    -6.56746    -6.69162  0.00325985
        1042    -6.55909    -6.69149   0.0032592
        1043    -6.63249    -6.69143  0.00325657
        1044    -6.76879    -6.69151  0.00325429
        1045    -6.71107    -6.69153  0.00325123
        1046    -6.68581    -6.69152  0.00324813
        1047    -6.73661    -6.69156  0.00324531
        1048    -6.73152     -6.6916  0.00324244
        1049    -6.73828    -6.69165  0.00323965
        1050    -6.76247    -6.69171  0.00323727
        1051    -6.79799    -6.69181  0.00323577
        1052    -6.76771    -6.69189   0.0032335
        1053    -6.76823    -6.69196  0.00323124
        1054    -6.81935    -6.69208  0.00323043
        1055    -6.83968    -6.69222   0.0032304
        1056    -6.87728     -6.6924  0.00323209
        1057    -6.77427    -6.69247  0.00322996
        1058    -6.74453    -6.69252  0.00322728
        1059    -6.75284    -6.69258  0.00322474
        1060    -6.72955    -6.69261  0.00322188
        1061    -6.74424    -6.69266  0.00321921
        1062    -6.73503     -6.6927  0.00321643
        1063    -6.75563    -6.69276  0.00321395
        1064    -6.67203    -6.69274  0.00321099
        1065    -6.70553    -6.69275  0.00320799
        1066     -6.6475    -6.69271  0.00320527
        1067    -6.68623    -6.69271  0.00320227
        1068    -6.69752    -6.69271  0.00319927
        1069    -6.62193    -6.69264  0.00319696
        1070    -6.61514    -6.69257   0.0031948
        1071    -6.65477    -6.69254  0.00319201
        1072    -6.63235    -6.69248  0.00318953
        1073    -6.64417    -6.69244  0.00318687
        1074    -6.67232    -6.69242  0.00318396
        1075    -6.68188    -6.69241  0.00318101
        1076    -6.65851    -6.69238  0.00317821
        1077    -6.59621    -6.69229  0.00317651
        1078    -6.61147    -6.69221  0.00317445
        1079    -6.67435    -6.69219  0.00317155
        1080    -6.68945    -6.69219  0.00316862
        1081    -6.69833     -6.6922  0.00316569
        1082    -6.77498    -6.69227  0.00316369
        1083     -6.8372    -6.69241   0.0031636
        1084    -6.79354     -6.6925  0.00316205
        1085    -6.80377     -6.6926   0.0031608
        1086    -6.76747    -6.69267  0.00315864
        1087     -6.7977    -6.69277  0.00315722
        1088    -6.78835    -6.69286  0.00315554
        1089    -6.77549    -6.69293  0.00315355
        1090    -6.71583    -6.69295  0.00315073
        1091    -6.68631    -6.69295  0.00314784
        1092    -6.73375    -6.69299  0.00314518
        1093    -6.70608      -6.693  0.00314233
        1094    -6.73508    -6.69304  0.00313969
        1095    -6.76214     -6.6931  0.00313746
        1096    -6.67475    -6.69308  0.00313464
        1097    -6.71953    -6.69311  0.00313188
        1098    -6.71186    -6.69312  0.00312907
        1099    -6.73957    -6.69317  0.00312651
        1100    -6.67781    -6.69315   0.0031237
        1101    -6.70541    -6.69316  0.00312088
        1102    -6.72379    -6.69319  0.00311817
        1103    -6.70231     -6.6932  0.00311536
        1104    -6.71003    -6.69321  0.00311257
        1105    -6.58252    -6.69311  0.00311137
        1106    -6.54876    -6.69298  0.00311129
        1107    -6.60784    -6.69291  0.00310943
        1108    -6.59038    -6.69281    0.003108
        1109    -6.62635    -6.69275  0.00310577
        1110    -6.71829    -6.69278  0.00310306
        1111    -6.67004    -6.69276  0.00310034
        1112    -6.67897    -6.69274  0.00309757
        1113    -6.73565    -6.69278  0.00309503
        1114    -6.77201    -6.69285  0.00309307
        1115    -6.75334    -6.69291  0.00309077
        1116    -6.70136    -6.69292  0.00308801
        1117    -6.69808    -6.69292  0.00308525
        1118     -6.7449    -6.69297  0.00308284
        1119    -6.70252    -6.69298   0.0030801
        1120    -6.73399    -6.69301  0.00307756
        1121    -6.75609    -6.69307  0.00307533
        1122     -6.7237     -6.6931  0.00307271
        1123    -6.76421    -6.69316  0.00307063
        1124    -6.82684    -6.69328   0.0030702
        1125    -6.80265    -6.69337  0.00306901
        1126     -6.7549    -6.69343  0.00306677
        1127    -6.71793    -6.69345  0.00306413
        1128    -6.74889     -6.6935   0.0030618
        1129     -6.7225    -6.69353   0.0030592
        1130    -6.66711     -6.6935  0.00305658
        1131    -6.67561    -6.69349  0.00305392
        1132    -6.73515    -6.69352  0.00305144
        1133    -6.68393    -6.69352  0.00304876
        1134    -6.53689    -6.69338   0.0030492
        1135    -6.48825     -6.6932  0.00305187
        1136    -6.52198    -6.69305   0.0030529
        1137     -6.6041    -6.69297  0.00305122
        1138    -6.66605    -6.69294  0.00304863
        1139    -6.63567    -6.69289  0.00304636
        1140    -6.62628    -6.69284  0.00304425
        1141    -6.67527    -6.69282  0.00304162
        1142    -6.67331     -6.6928  0.00303901
        1143    -6.70606    -6.69281  0.00303637
        1144    -6.73789    -6.69285  0.00303397
        1145    -6.71354    -6.69287  0.00303138
        1146    -6.66377    -6.69285  0.00302884
        1147    -6.69937    -6.69285   0.0030262
        1148    -6.70164    -6.69286  0.00302358
        1149    -6.72683    -6.69289  0.00302109
        1150    -6.74641    -6.69294  0.00301882
        1151    -6.65615     -6.6929  0.00301637
        1152    -6.68556     -6.6929  0.00301376
        1153    -6.63869    -6.69285  0.00301151
        1154    -6.66424    -6.69283    0.003009
        1155    -6.68453    -6.69282   0.0030064
        1156    -6.68792    -6.69281  0.00300381
        1157    -6.77531    -6.69289  0.00300206
        1158     -6.7935    -6.69297  0.00300072
        1159    -6.82564    -6.69309  0.00300031
        1160    -6.80379    -6.69318  0.00299925
        1161      -6.762    -6.69324  0.00299725
        1162    -6.69406    -6.69324  0.00299467
        1163    -6.68595    -6.69324   0.0029921
        1164    -6.63021    -6.69318  0.00299002
        1165    -6.67253    -6.69316  0.00298751
        1166    -6.71149    -6.69318  0.00298498
        1167    -6.71778     -6.6932   0.0029825
        1168      -6.703    -6.69321  0.00297996
        1169    -6.68478     -6.6932  0.00297742
        1170    -6.70876    -6.69322   0.0029749
        1171    -6.73328    -6.69325  0.00297256
        1172    -6.65377    -6.69322  0.00297021
        1173    -6.73069    -6.69325  0.00296785
        1174     -6.8177    -6.69335  0.00296722
        1175    -6.76921    -6.69342   0.0029654
        1176    -6.76707    -6.69348  0.00296354
        1177    -6.74234    -6.69352  0.00296131
        1178    -6.79372    -6.69361  0.00296002
        1179    -6.75233    -6.69366  0.00295792
        1180    -6.71106    -6.69367  0.00295545
        1181    -6.66584    -6.69365  0.00295305
        1182    -6.65861    -6.69362   0.0029507
        1183    -6.63823    -6.69357  0.00294857
        1184    -6.70211    -6.69358  0.00294609
        1185    -6.74615    -6.69362  0.00294394
        1186     -6.6768    -6.69361  0.00294149
        1187    -6.68666     -6.6936  0.00293902
        1188     -6.6892     -6.6936  0.00293655
        1189    -6.66944    -6.69358  0.00293415
        1190    -6.66092    -6.69355  0.00293181
        1191    -6.64191    -6.69351  0.00292967
        1192    -6.61463    -6.69344  0.00292796
        1193    -6.59822    -6.69336  0.00292659
        1194     -6.6324    -6.69331  0.00292459
        1195     -6.6097    -6.69324  0.00292298
        1196    -6.59916    -6.69316  0.00292159
        1197    -6.61736     -6.6931  0.00291984
        1198    -6.59754    -6.69302  0.00291849
        1199    -6.60241    -6.69294  0.00291703
        1200    -6.67118    -6.69293  0.00291466
        1201    -6.56393    -6.69282  0.00291421
        1202    -6.59843    -6.69274  0.00291284
        1203    -6.64727     -6.6927  0.00291067
        1204    -6.54028    -6.69258    0.002911
        1205    -6.57585    -6.69248   0.0029102
        1206    -6.62857    -6.69243  0.00290827
        1207    -6.66852    -6.69241  0.00290592
        1208    -6.62856    -6.69235    0.002904
        1209    -6.64236    -6.69231  0.00290189
        1210    -6.60677    -6.69224  0.00290035
        1211     -6.6425     -6.6922  0.00289825
        1212    -6.64582    -6.69216  0.00289611
        1213     -6.6821    -6.69215  0.00289374
        1214    -6.68043    -6.69214  0.00289137
        1215     -6.6525    -6.69211  0.00288917
        1216    -6.61824    -6.69205  0.00288744
        1217    -6.78208    -6.69212  0.00288601
        1218    -6.82951    -6.69224  0.00288584
        1219     -6.8134    -6.69234  0.00288519
        1220    -6.77698    -6.69241  0.00288366
        1221    -6.68929     -6.6924   0.0028813
        1222      -6.665    -6.69238  0.00287903
        1223    -6.63884    -6.69234    0.002877
        1224    -6.61573    -6.69228  0.00287533
        1225    -6.68364    -6.69227    0.002873
        1226     -6.7166    -6.69229  0.00287072
        1227    -6.73872    -6.69233  0.00286863
        1228     -6.6852    -6.69232   0.0028663
        1229    -6.63582    -6.69227  0.00286434
        1230    -6.67867    -6.69226  0.00286203
        1231    -6.77275    -6.69233  0.00286045
        1232    -6.78415     -6.6924   0.0028591
        1233    -6.68815     -6.6924  0.00285678
        1234    -6.73942    -6.69244  0.00285472
        1235    -6.62359    -6.69238  0.00285296
        1236    -6.69935    -6.69239  0.00285065
        1237     -6.7349    -6.69242  0.00284856
        1238    -6.74173    -6.69246  0.00284653
        1239    -6.69921    -6.69247  0.00284424
        1240    -6.71477    -6.69248    0.002842
        1241    -6.64898    -6.69245  0.00283993
        1242    -6.62334    -6.69239  0.00283819
        1243    -6.57803     -6.6923   0.0028374
        1244    -6.59799    -6.69223  0.00283613
        1245    -6.69037    -6.69222  0.00283385
        1246     -6.6965    -6.69223  0.00283158
        1247    -6.70514    -6.69224  0.00282933
        1248    -6.78553    -6.69231  0.00282805
        1249    -6.73669    -6.69235  0.00282601
        1250     -6.7585     -6.6924  0.00282424
        1251    -6.70111    -6.69241  0.00282199
        1252    -6.69292    -6.69241  0.00281974
        1253    -6.64599    -6.69237  0.00281773
        1254    -6.60467     -6.6923  0.00281635
        1255    -6.67648    -6.69229  0.00281414
        1256    -6.64079    -6.69225  0.00281219
        1257    -6.61441    -6.69219  0.00281064
        1258    -6.62666    -6.69213  0.00280889
        1259    -6.53526    -6.69201  0.00280942
        1260    -6.60458    -6.69194  0.00280804
        1261    -6.62104    -6.69188  0.00280638
        1262    -6.56038    -6.69178  0.00280609
        1263    -6.61712    -6.69172  0.00280449
        1264    -6.54516    -6.69161  0.00280467
        1265    -6.61953    -6.69155  0.00280303
        1266    -6.65654    -6.69152  0.00280095
        1267    -6.72128    -6.69154  0.00279884
        1268    -6.75817     -6.6916  0.00279713
        1269    -6.76311    -6.69165  0.00279549
        1270    -6.72625    -6.69168  0.00279342
        1271    -6.75978    -6.69173  0.00279174
        1272    -6.77824     -6.6918  0.00279037
        1273    -6.75929    -6.69185  0.00278868
        1274    -6.72129    -6.69188  0.00278659
        1275    -6.73307    -6.69191  0.00278459
        1276    -6.72644    -6.69194  0.00278254
        1277    -6.70095    -6.69194  0.00278037
        1278    -6.62443    -6.69189   0.0027787
        1279      -6.671    -6.69188  0.00277657
        1280    -6.76301    -6.69193  0.00277496
        1281    -6.71854    -6.69195  0.00277287
        1282     -6.6998    -6.69196  0.00277071
        1283    -6.69192    -6.69196  0.00276855
        1284    -6.71357    -6.69197  0.00276645
        1285    -6.69973    -6.69198   0.0027643
        1286    -6.82096    -6.69208  0.00276397
        1287    -6.82304    -6.69218   0.0027637
        1288    -6.83858     -6.6923  0.00276389
        1289      -6.838    -6.69241  0.00276405
        1290    -6.83134    -6.69252  0.00276401
        1291    -6.79328    -6.69259  0.00276297
        1292    -6.73061    -6.69262  0.00276099
        1293    -6.74641    -6.69267  0.00275917
        1294    -6.78573    -6.69274  0.00275797
        1295    -6.74594    -6.69278  0.00275615
        1296    -6.77252    -6.69284  0.00275471
        1297    -6.80752    -6.69293    0.002754
        1298    -6.80906    -6.69302  0.00275333
        1299    -6.89521    -6.69317  0.00275561
        1300    -6.82044    -6.69327  0.00275523
        1301    -6.80228    -6.69336  0.00275438
        1302    -6.77025    -6.69341   0.0027529
        1303    -6.75027    -6.69346  0.00275114
        1304    -6.82567    -6.69356  0.00275089
        1305    -6.71536    -6.69358  0.00274884
        1306    -6.73766    -6.69361  0.00274694
        1307    -6.77266    -6.69367   0.0027455
        1308    -6.76374    -6.69372  0.00274393
        1309    -6.73545    -6.69376  0.00274202
        1310    -6.74594     -6.6938  0.00274021
        1311    -6.70633    -6.69381  0.00273814
        1312     -6.7074    -6.69382  0.00273607
        1313    -6.68528    -6.69381  0.00273399
        1314     -6.5309    -6.69369  0.00273472
        1315    -6.55771    -6.69358   0.0027346
        1316     -6.6813    -6.69357  0.00273254
        1317    -6.61294    -6.69351  0.00273115
        1318    -6.62687    -6.69346  0.00272954
        1319    -6.61471     -6.6934  0.00272813
        1320    -6.59718    -6.69333  0.00272703
        1321    -6.56874    -6.69323   0.0027266
        1322    -6.53187    -6.69311  0.00272727
        1323      -6.639    -6.69307  0.00272551
        1324    -6.66569    -6.69305  0.00272353
        1325    -6.59836    -6.69298  0.00272241
        1326    -6.61257    -6.69292  0.00272104
        1327    -6.62517    -6.69287  0.00271946
        1328     -6.6298    -6.69282  0.00271783
        1329    -6.67014     -6.6928  0.00271584
        1330    -6.67232    -6.69279  0.00271384
        1331    -6.67493    -6.69277  0.00271184
        1332    -6.67783    -6.69276  0.00270982
        1333    -6.69238    -6.69276  0.00270779
        1334    -6.73395    -6.69279  0.00270594
        1335    -6.75095    -6.69284  0.00270426
        1336    -6.73412    -6.69287  0.00270241
        1337    -6.70305    -6.69288   0.0027004
        1338    -6.67648    -6.69286  0.00269841
        1339    -6.75957    -6.69291  0.00269686
        1340    -6.70107    -6.69292  0.00269485
        1341    -6.72858    -6.69295  0.00269297
        1342    -6.66109    -6.69292  0.00269107
        1343    -6.69471    -6.69292  0.00268907
        1344    -6.69886    -6.69293  0.00268707
        1345      -6.593    -6.69285   0.0026861
        1346    -6.61346    -6.69279  0.00268475
        1347    -6.74967    -6.69284  0.00268309
        1348    -6.74896    -6.69288  0.00268142
        1349    -6.65734    -6.69285  0.00267956
        1350    -6.69093    -6.69285  0.00267758
        1351    -6.74974    -6.69289  0.00267593
        1352    -6.72136    -6.69291  0.00267403
        1353    -6.76506    -6.69297  0.00267259
        1354    -6.74295      -6.693  0.00267087
        1355    -6.64894    -6.69297   0.0026691
        1356    -6.58937    -6.69289  0.00266822
        1357    -6.63109    -6.69285  0.00266664
        1358    -6.57516    -6.69276  0.00266609
        1359    -6.51974    -6.69264  0.00266716
        1360    -6.52268    -6.69251  0.00266813
        1361     -6.5314    -6.69239  0.00266879
        1362    -6.56064     -6.6923  0.00266859
        1363    -6.61828    -6.69224  0.00266718
        1364    -6.67226    -6.69223  0.00266526
        1365    -6.67141    -6.69221  0.00266336
        1366    -6.70912    -6.69222  0.00266143
        1367    -6.67134    -6.69221  0.00265953
        1368    -6.67687     -6.6922  0.00265761
        1369    -6.73225    -6.69223  0.00265583
        1370    -6.73516    -6.69226  0.00265408
        1371    -6.73517    -6.69229  0.00265233
        1372    -6.75348    -6.69233  0.00265077
        1373    -6.72521    -6.69236  0.00264895
        1374    -6.73418    -6.69239  0.00264719
        1375    -6.66462    -6.69237  0.00264534
        1376    -6.73967     -6.6924  0.00264364
        1377    -6.70863    -6.69241  0.00264175
        1378    -6.71685    -6.69243  0.00263989
        1379    -6.63787    -6.69239  0.00263828
        1380    -6.73243    -6.69242  0.00263652
        1381    -6.74155    -6.69246  0.00263485
        1382    -6.79311    -6.69253  0.00263395
        1383    -6.74791    -6.69257  0.00263235
        1384    -6.76215    -6.69262  0.00263093
        1385    -6.75118    -6.69266  0.00262937
        1386    -6.77748    -6.69272  0.00262819
        1387    -6.73918    -6.69276  0.00262651
        1388    -6.78276    -6.69282  0.00262541
        1389    -6.75922    -6.69287  0.00262396
        1390    -6.72681    -6.69289  0.00262218
        1391    -6.72218    -6.69291  0.00262038
        1392    -6.77212    -6.69297  0.00261912
        1393    -6.77466    -6.69303   0.0026179
        1394    -6.68566    -6.69303  0.00261602
        1395    -6.66455      -6.693  0.00261423
        1396    -6.67372    -6.69299  0.00261239
        1397    -6.68758    -6.69299  0.00261052
        1398    -6.60781    -6.69293  0.00260937
        1399    -6.64776    -6.69289   0.0026077
        1400    -6.60352    -6.69283  0.00260662
        1401    -6.52131    -6.69271  0.00260763
        1402    -6.59311    -6.69264  0.00260674
        1403    -6.60949    -6.69258  0.00260556
        1404     -6.5434    -6.69247  0.00260587
        1405    -6.47316    -6.69231  0.00260868
        1406    -6.46965    -6.69216  0.00261163
        1407      -6.536    -6.69205  0.00261213
        1408    -6.60583    -6.69198  0.00261099
        1409    -6.54142    -6.69188  0.00261133
        1410    -6.52564    -6.69176  0.00261213
        1411    -6.62393    -6.69171  0.00261073
        1412    -6.59053    -6.69164  0.00260986
        1413    -6.57567    -6.69156   0.0026093
        1414    -6.61467     -6.6915  0.00260802
        1415    -6.64979    -6.69147  0.00260635
        1416    -6.62623    -6.69143  0.00260491
        1417    -6.64258    -6.69139   0.0026033
        1418    -6.59301    -6.69132  0.00260239
        1419    -6.61199    -6.69127  0.00260116
        1420    -6.67583    -6.69126  0.00259935
        1421    -6.67675    -6.69125  0.00259754
        1422    -6.69718    -6.69125  0.00259572
        1423      -6.713    -6.69127  0.00259394
        1424    -6.72333    -6.69129  0.00259221
        1425    -6.77987    -6.69135  0.00259114
        1426    -6.78572    -6.69142  0.00259017
        1427    -6.75016    -6.69146  0.00258868
        1428    -6.75971    -6.69151  0.00258731
        1429    -6.73455    -6.69154  0.00258567
        1430    -6.60232    -6.69147  0.00258462
        1431    -6.60001    -6.69141   0.0025836
        1432     -6.5705    -6.69133  0.00258318
        1433    -6.54444    -6.69122  0.00258341
        1434    -6.66149     -6.6912  0.00258169
        1435    -6.73878    -6.69124   0.0025801
        1436    -6.77872     -6.6913  0.00257903
        1437    -6.80832    -6.69138  0.00257852
        1438    -6.80352    -6.69146   0.0025779
        1439    -6.86002    -6.69157  0.00257877
        1440    -6.76447    -6.69162  0.00257748
        1441    -6.67207    -6.69161  0.00257572
        1442    -6.74631    -6.69165  0.00257422
        1443    -6.74085    -6.69168  0.00257266
        1444    -6.66813    -6.69167  0.00257093
        1445    -6.69532    -6.69167  0.00256915
        1446    -6.70734    -6.69168   0.0025674
        1447    -6.67785    -6.69167  0.00256564
        1448    -6.59465     -6.6916  0.00256474
        1449    -6.68365     -6.6916  0.00256298
        1450    -6.65404    -6.69157  0.00256134
        1451    -6.68429    -6.69157  0.00255958
        1452     -6.6974    -6.69157  0.00255782
        1453    -6.74876    -6.69161  0.00255636
        1454      -6.802    -6.69169  0.00255573
        1455    -6.68017    -6.69168  0.00255399
        1456    -6.70144    -6.69168  0.00255224
        1457    -6.69575    -6.69169  0.00255049
        1458     -6.6375    -6.69165  0.00254902
        1459    -6.65908    -6.69163  0.00254737
        1460    -6.61869    -6.69158  0.00254611
        1461    -6.63472    -6.69154  0.00254467
        1462    -6.72553    -6.69156  0.00254303
        1463    -6.72984    -6.69159  0.00254143
        1464    -6.64221    -6.69155  0.00253992
        1465    -6.64745    -6.69152  0.00253836
        1466    -6.66994    -6.69151  0.00253667
        1467     -6.6606    -6.69149  0.00253503
        1468    -6.69591    -6.69149   0.0025333
        1469    -6.62112    -6.69144  0.00253203
        1470    -6.63071     -6.6914  0.00253065
        1471    -6.63624    -6.69136  0.00252921
        1472    -6.56949    -6.69128  0.00252884
        1473    -6.55381    -6.69119  0.00252885
        1474    -6.59731    -6.69112  0.00252793
        1475    -6.67533    -6.69111  0.00252624
        1476    -6.70616    -6.69112  0.00252455
        1477    -6.69497    -6.69113  0.00252284
        1478    -6.68393    -6.69112  0.00252114
        1479    -6.69338    -6.69112  0.00251944
        1480    -6.61667    -6.69107  0.00251824
        1481    -6.58713      -6.691  0.00251751
        1482    -6.61029    -6.69095   0.0025164
        1483    -6.70481    -6.69096  0.00251472
        1484    -6.65284    -6.69093  0.00251316
        1485    -6.72647    -6.69096  0.00251158
        1486    -6.68629    -6.69095  0.00250989
        1487     -6.7153    -6.69097  0.00250826
        1488    -6.70884    -6.69098   0.0025066
        1489    -6.67805    -6.69097  0.00250493
        1490    -6.70183    -6.69098  0.00250326
        1491    -6.70225    -6.69099   0.0025016
        1492    -6.78635    -6.69105  0.00250074
        1493    -6.81346    -6.69113   0.0025004
        1494    -6.71483    -6.69115  0.00249878
        1495    -6.69329    -6.69115  0.00249711
        1496    -6.70244    -6.69116  0.00249545
        1497    -6.70877    -6.69117  0.00249381
        1498    -6.69857    -6.69118  0.00249215
        1499    -6.70788    -6.69119  0.00249052
        1500    -6.71186     -6.6912  0.00248889
        1501    -6.77053    -6.69125   0.0024878
        1502    -6.74937    -6.69129  0.00248644
        1503    -6.70937     -6.6913  0.00248482
        1504      -6.754    -6.69135  0.00248351
        1505    -6.81453    -6.69143  0.00248321
        1506    -6.70727    -6.69144  0.00248159
        1507    -6.71861    -6.69146     0.00248
        1508    -6.64139    -6.69142  0.00247858
        1509    -6.73523    -6.69145  0.00247711
        1510     -6.6464    -6.69142  0.00247565
        1511    -6.68256    -6.69142  0.00247402
        1512    -6.62506    -6.69137  0.00247277
        1513    -6.63153    -6.69133  0.00247145
        1514    -6.58817    -6.69126  0.00247076
        1515     -6.5405    -6.69116  0.00247113
        1516    -6.63378    -6.69113  0.00246979
        1517    -6.62695    -6.69108  0.00246852
        1518    -6.67091    -6.69107  0.00246693
        1519    -6.63221    -6.69103  0.00246561
        1520    -6.60457    -6.69098  0.00246465
        1521    -6.57772     -6.6909  0.00246415
        1522    -6.47004    -6.69076   0.0024668
        1523    -6.44678     -6.6906  0.00247038
        1524     -6.4583    -6.69044  0.00247346
        1525    -6.50146    -6.69032  0.00247494
        1526    -6.48265    -6.69018  0.00247705
        1527    -6.54412    -6.69009  0.00247728
        1528    -6.52027    -6.68998  0.00247815
        1529    -6.55794    -6.68989  0.00247803
        1530    -6.62694    -6.68985  0.00247675
        1531    -6.62813    -6.68981  0.00247546
        1532    -6.54618    -6.68972  0.00247562
        1533     -6.5454    -6.68962   0.0024758
        1534    -6.59597    -6.68956  0.00247494
        1535     -6.5397    -6.68946  0.00247525
        1536    -6.59813     -6.6894  0.00247435
        1537    -6.60179    -6.68935   0.0024734
        1538    -6.59869    -6.68929  0.00247249
        1539    -6.72172    -6.68931  0.00247097
        1540    -6.65805    -6.68929  0.00246945
        1541    -6.67076    -6.68928  0.00246788
        1542    -6.62963    -6.68924  0.00246658
        1543    -6.58718    -6.68917  0.00246587
        1544     -6.6527    -6.68915  0.00246439
        1545    -6.68578    -6.68915  0.00246279
        1546    -6.71198    -6.68916  0.00246124
        1547    -6.65871    -6.68914  0.00245973
        1548    -6.61116    -6.68909  0.00245866
        1549    -6.71361    -6.68911  0.00245712
        1550    -6.74635    -6.68914  0.00245581
        1551    -6.75436    -6.68918  0.00245459
        1552    -6.68108    -6.68918  0.00245301
        1553    -6.80586    -6.68925  0.00245259
        1554    -6.77501    -6.68931  0.00245163
        1555    -6.77687    -6.68937   0.0024507
        1556    -6.75994    -6.68941  0.00244954
        1557    -6.74065    -6.68944  0.00244819
        1558    -6.77678     -6.6895  0.00244726
        1559    -6.71797    -6.68952  0.00244576
        1560    -6.72119    -6.68954  0.00244428
        1561    -6.65504    -6.68952  0.00244281
        1562    -6.68076    -6.68951  0.00244125
        1563    -6.69891    -6.68952   0.0024397
        1564     -6.6503    -6.68949  0.00243827
        1565      -6.637    -6.68946  0.00243694
        1566    -6.60315     -6.6894  0.00243601
        1567    -6.62175    -6.68936  0.00243483
        1568    -6.67832    -6.68935  0.00243329
        1569    -6.71299    -6.68937  0.00243179
        1570    -6.70183    -6.68938  0.00243025
        1571     -6.6606    -6.68936  0.00242877
        1572    -6.56714    -6.68928  0.00242847
        1573    -6.56974     -6.6892  0.00242812
        1574    -6.55755    -6.68912  0.00242802
        1575    -6.56788    -6.68904  0.00242769
        1576    -6.55684    -6.68896   0.0024276
        1577    -6.61415    -6.68891  0.00242653
        1578    -6.60997    -6.68886   0.0024255
        1579    -6.65299    -6.68884  0.00242407
        1580    -6.67034    -6.68883  0.00242257
        1581    -6.75778    -6.68887  0.00242143
        1582    -6.74097     -6.6889  0.00242012
        1583    -6.75953    -6.68895    0.002419
        1584    -6.79081    -6.68901  0.00241833
        1585    -6.77192    -6.68907  0.00241737
        1586    -6.62029    -6.68902  0.00241624
        1587    -6.66997    -6.68901  0.00241474
        1588    -6.79536    -6.68908  0.00241415
        1589    -6.81242    -6.68915  0.00241388
        1590    -6.85968    -6.68926  0.00241474
        1591    -6.90829     -6.6894  0.00241715
        1592    -6.88872    -6.68952  0.00241887
        1593    -6.78452    -6.68958  0.00241809
        1594    -6.78977    -6.68965  0.00241739
        1595    -6.74505    -6.68968  0.00241612
        1596    -6.82064    -6.68976    0.002416
        1597    -6.78266    -6.68982  0.00241519
        1598    -6.75602    -6.68986  0.00241403
        1599    -6.74224     -6.6899  0.00241274
        1600    -6.79959    -6.68997  0.00241221
        1601     -6.7871    -6.69003  0.00241146
        1602    -6.81487     -6.6901  0.00241122
        1603    -6.81507    -6.69018  0.00241097
        1604    -6.78316    -6.69024  0.00241017
        1605    -6.81081    -6.69031  0.00240984
        1606    -6.81821    -6.69039  0.00240965
        1607    -6.84461    -6.69049  0.00241006
        1608    -6.80061    -6.69056  0.00240954
        1609    -6.70174    -6.69057  0.00240805
        1610    -6.65798    -6.69055  0.00240664
        1611    -6.68172    -6.69054  0.00240515
        1612    -6.75279    -6.69058  0.00240397
        1613    -6.64314    -6.69055  0.00240266
        1614    -6.60214    -6.69049  0.00240179
        1615    -6.61165    -6.69045   0.0024008
        1616    -6.69035    -6.69045  0.00239932
        1617     -6.7158    -6.69046  0.00239788
        1618    -6.65845    -6.69044  0.00239648
        1619    -6.67018    -6.69043  0.00239504
        1620    -6.68741    -6.69043  0.00239356
        1621    -6.63643    -6.69039  0.00239231
        1622    -6.63734    -6.69036  0.00239106
        1623    -6.67238    -6.69035  0.00238961
        1624    -6.57724    -6.69028  0.00238916
        1625    -6.63721    -6.69025  0.00238791
        1626    -6.65477    -6.69023  0.00238654
        1627     -6.7688    -6.69027  0.00238556
        1628    -6.77213    -6.69032  0.00238463
        1629    -6.73639    -6.69035  0.00238333
        1630    -6.75997     -6.6904  0.00238225
        1631     -6.6514    -6.69037  0.00238091
        1632    -6.61265    -6.69032  0.00237993
        1633    -6.58976    -6.69026  0.00237927
        1634    -6.54703    -6.69017  0.00237943
        1635    -6.65056    -6.69015  0.00237809
        1636    -6.61037     -6.6901  0.00237714
        1637    -6.56971    -6.69003  0.00237683
        1638    -6.56393    -6.68995  0.00237662
        1639    -6.63569    -6.68992   0.0023754
        1640    -6.61613    -6.68987  0.00237438
        1641    -6.68671    -6.68987  0.00237293
        1642    -6.65715    -6.68985  0.00237157
        1643    -6.61162     -6.6898  0.00237061
        1644    -6.58276    -6.68974  0.00237006
        1645    -6.66361    -6.68972  0.00236867
        1646    -6.68988    -6.68972  0.00236723
        1647    -6.60211    -6.68967  0.00236639
        1648     -6.6259    -6.68963  0.00236527
        1649    -6.63051     -6.6896  0.00236411
        1650     -6.6527    -6.68957  0.00236278
        1651    -6.66319    -6.68956  0.00236141
        1652    -6.64941    -6.68953   0.0023601
        1653    -6.61805    -6.68949  0.00235907
        1654    -6.67239    -6.68948  0.00235767
        1655     -6.7047    -6.68949  0.00235626
        1656    -6.68389    -6.68948  0.00235484
        1657    -6.69943    -6.68949  0.00235343
        1658    -6.75665    -6.68953  0.00235235
        1659    -6.69983    -6.68954  0.00235095
        1660    -6.82131    -6.68962  0.00235087
        1661    -6.73498    -6.68964  0.00234961
        1662    -6.66841    -6.68963  0.00234823
        1663    -6.67057    -6.68962  0.00234685
        1664    -6.67117    -6.68961  0.00234546
        1665    -6.59402    -6.68955  0.00234476
        1666    -6.65608    -6.68953  0.00234344
        1667    -6.62464    -6.68949  0.00234235
        1668    -6.58966    -6.68943  0.00234172
        1669    -6.62733     -6.6894  0.00234061
        1670    -6.60994    -6.68935  0.00233969
        1671    -6.53226    -6.68925  0.00234018
        1672    -6.55078    -6.68917  0.00234024
        1673    -6.54557    -6.68908  0.00234042
        1674    -6.63093    -6.68905  0.00233928
        1675     -6.6474    -6.68903  0.00233801
        1676    -6.66835    -6.68901  0.00233665
        1677    -6.70756    -6.68902  0.00233528
        1678    -6.66603    -6.68901  0.00233393
        1679    -6.55413    -6.68893  0.00233392
        1680    -6.52146    -6.68883  0.00233466
        1681    -6.39963    -6.68866   0.0023396
        1682    -6.42434     -6.6885  0.00234348
        1683    -6.52249     -6.6884  0.00234417
        1684    -6.58687    -6.68834  0.00234355
        1685     -6.6326    -6.68831  0.00234239
        1686    -6.69667    -6.68831  0.00234101
        1687    -6.69908    -6.68832  0.00233963
        1688    -6.75578    -6.68836  0.00233858
        1689    -6.74633    -6.68839  0.00233745
        1690     -6.7039     -6.6884  0.00233609
        1691     -6.7439    -6.68844  0.00233494
        1692    -6.80724    -6.68851  0.00233461
        1693     -6.8042    -6.68858  0.00233423
        1694    -6.89118    -6.68869  0.00233592
        1695    -6.91323    -6.68883  0.00233829
        1696     -6.8506    -6.68892  0.00233886
        1697    -6.84019    -6.68901  0.00233918
        1698    -6.83479     -6.6891  0.00233937
        1699    -6.78387    -6.68915  0.00233866
        1700    -6.77755    -6.68921  0.00233786
        1701    -6.67616     -6.6892   0.0023365
        1702     -6.6293    -6.68916   0.0023354
        1703    -6.61069    -6.68912  0.00233448
        1704    -6.72769    -6.68914  0.00233322
        1705     -6.7377    -6.68917  0.00233202
        1706    -6.68207    -6.68916  0.00233066
        1707    -6.67086    -6.68915  0.00232932
        1708    -6.62342    -6.68911  0.00232827
        1709    -6.65833     -6.6891  0.00232698
        1710    -6.67017    -6.68909  0.00232565
        1711    -6.67369    -6.68908   0.0023243
        1712    -6.62878    -6.68904  0.00232321
        1713     -6.6567    -6.68902  0.00232193
        1714    -6.58329    -6.68896   0.0023214
        1715    -6.62634    -6.68892  0.00232033
        1716    -6.67267    -6.68891    0.002319
        1717    -6.67721    -6.68891  0.00231766
        1718     -6.6699     -6.6889  0.00231634
        1719     -6.6937     -6.6889  0.00231499
        1720    -6.73365    -6.68893  0.00231379
        1721    -6.69002    -6.68893  0.00231245
        1722    -6.75901    -6.68897  0.00231146
        1723    -6.78171    -6.68902  0.00231075
        1724    -6.68852    -6.68902  0.00230941
        1725    -6.68085    -6.68902  0.00230807
        1726    -6.70786    -6.68903  0.00230676
        1727    -6.72575    -6.68905  0.00230552
        1728    -6.65011    -6.68903   0.0023043
        1729    -6.51187    -6.68892  0.00230524
        1730    -6.60535    -6.68887  0.00230442
        1731    -6.63733    -6.68884  0.00230328
        1732    -6.57054    -6.68878  0.00230296
        1733    -6.64246    -6.68875  0.00230179
        1734    -6.70815    -6.68876  0.00230049
        1735    -6.70214    -6.68877  0.00229917
        1736     -6.7252    -6.68879  0.00229794
        1737    -6.70308     -6.6888  0.00229664
        1738    -6.71486    -6.68881  0.00229536
        1739    -6.72102    -6.68883  0.00229412
        1740    -6.70237    -6.68884  0.00229281
        1741    -6.72028    -6.68886  0.00229157
        1742    -6.73858    -6.68889  0.00229043
        1743    -6.70918     -6.6889  0.00228915
        1744    -6.65136    -6.68888  0.00228793
        1745    -6.63623    -6.68885  0.00228682
        1746    -6.71134    -6.68886  0.00228555
        1747    -6.70777    -6.68887  0.00228427
        1748    -6.70283    -6.68888  0.00228297
        1749    -6.73675     -6.6889  0.00228183
        1750     -6.7452    -6.68894  0.00228075
        1751    -6.70509    -6.68895  0.00227947
        1752    -6.63269    -6.68891   0.0022784
        1753    -6.72012    -6.68893  0.00227717
        1754    -6.70878    -6.68894   0.0022759
        1755    -6.73414    -6.68897  0.00227474
        1756    -6.74468      -6.689  0.00227367
        1757    -6.61825    -6.68896  0.00227273
        1758    -6.65689    -6.68894  0.00227151
        1759    -6.66511    -6.68893  0.00227026
        1760    -6.68437    -6.68893  0.00226897
        1761     -6.7253    -6.68895  0.00226778
        1762    -6.71693    -6.68896  0.00226655
        1763    -6.65731    -6.68894  0.00226533
        1764    -6.71323    -6.68896  0.00226409
        1765    -6.68261    -6.68895  0.00226281
        1766    -6.69797    -6.68896  0.00226154
        1767    -6.71836    -6.68898  0.00226032
        1768    -6.67534    -6.68897  0.00225905
        1769    -6.61494    -6.68893  0.00225816
        1770    -6.67572    -6.68892   0.0022569
        1771    -6.70781    -6.68893  0.00225565
        1772    -6.72203    -6.68895  0.00225445
        1773    -6.66599    -6.68894  0.00225322
        1774    -6.64573    -6.68891  0.00225208
        1775    -6.55878    -6.68884  0.00225201
        1776    -6.52831    -6.68875  0.00225255
        1777    -6.48469    -6.68863  0.00225421
        1778    -6.51935    -6.68854  0.00225495
        1779    -6.59586    -6.68849  0.00225428
        1780    -6.52425    -6.68839  0.00225491
        1781      -6.535    -6.68831  0.00225528
        1782    -6.52225    -6.68821  0.00225594
        1783    -6.54438    -6.68813  0.00225612
        1784    -6.56809    -6.68807  0.00225586
        1785    -6.56667      -6.688  0.00225562
        1786     -6.5637    -6.68793  0.00225543
        1787    -6.55828    -6.68786  0.00225533
        1788    -6.55973    -6.68778  0.00225521
        1789     -6.6062    -6.68774  0.00225441
        1790    -6.57564    -6.68768  0.00225402
        1791    -6.61482    -6.68764  0.00225313
        1792    -6.57737    -6.68757  0.00225271
        1793    -6.61242    -6.68753  0.00225185
        1794    -6.58445    -6.68747  0.00225132
        1795    -6.57082    -6.68741  0.00225101
        1796     -6.5618    -6.68734  0.00225084
        1797    -6.69345    -6.68734  0.00224959
        1798    -6.70021    -6.68735  0.00224835
        1799    -6.69088    -6.68735   0.0022471
        1800    -6.68735    -6.68735  0.00224585
        1801    -6.67649    -6.68735  0.00224461
        1802    -6.64823    -6.68732  0.00224347
        1803    -6.70871    -6.68734  0.00224226
        1804     -6.7618    -6.68738   0.0022414
        1805     -6.7362     -6.6874  0.00224032
        1806    -6.71846    -6.68742  0.00223914
        1807    -6.72508    -6.68744    0.002238
        1808    -6.75839    -6.68748  0.00223711
        1809    -6.80178    -6.68754  0.00223676
        1810    -6.76479    -6.68759  0.00223593
        1811    -6.69034    -6.68759   0.0022347
        1812    -6.67076    -6.68758  0.00223349
        1813    -6.77697    -6.68763   0.0022328
        1814    -6.73967    -6.68766  0.00223175
        1815    -6.67557    -6.68765  0.00223053
        1816    -6.69988    -6.68766  0.00222931
        1817    -6.64631    -6.68764   0.0022282
        1818    -6.62793     -6.6876  0.00222722
        1819    -6.59693    -6.68755  0.00222655
        1820     -6.6617    -6.68754  0.00222537
        1821    -6.63868    -6.68751  0.00222431
        1822    -6.56314    -6.68744  0.00222414
        1823    -6.54064    -6.68736  0.00222438
        1824    -6.53148    -6.68728   0.0022248
        1825    -6.57385    -6.68722  0.00222445
        1826    -6.60025    -6.68717  0.00222374
        1827    -6.64485    -6.68714  0.00222264
        1828    -6.61752    -6.68711  0.00222175
        1829    -6.59369    -6.68706  0.00222113
        1830    -6.51816    -6.68696  0.00222183
        1831    -6.51855    -6.68687  0.00222252
        1832     -6.6082    -6.68683  0.00222172
        1833    -6.57249    -6.68677  0.00222138
        1834    -6.63563    -6.68674  0.00222035
        1835    -6.63555    -6.68671  0.00221931
        1836    -6.63881    -6.68668  0.00221826
        1837    -6.55552    -6.68661   0.0022182
        1838    -6.54331    -6.68653  0.00221836
        1839     -6.5198    -6.68644  0.00221901
        1840    -6.49943    -6.68634  0.00222013
        1841    -6.53225    -6.68626   0.0022205
        1842    -6.54375    -6.68618  0.00222064
        1843     -6.5406     -6.6861  0.00222084
        1844     -6.5061      -6.686  0.00222178
        1845    -6.51697    -6.68591  0.00222246
        1846    -6.54449    -6.68584  0.00222258
        1847    -6.60884    -6.68579  0.00222177
        1848    -6.54549    -6.68572  0.00222186
        1849    -6.62842    -6.68569  0.00222088
        1850    -6.57814    -6.68563  0.00222044
        1851    -6.62046    -6.68559  0.00221952
        1852    -6.61308    -6.68555  0.00221866
        1853    -6.64951    -6.68554  0.00221755
        1854     -6.6704    -6.68553  0.00221637
        1855    -6.69413    -6.68553  0.00221518
        1856    -6.73951    -6.68556  0.00221418
        1857    -6.74193    -6.68559  0.00221319
        1858    -6.60332    -6.68555  0.00221245
        1859    -6.57759    -6.68549  0.00221202
        1860    -6.58251    -6.68543  0.00221152
        1861    -6.64008    -6.68541  0.00221047
        1862    -6.64629    -6.68539  0.00220938
        1863    -6.60004    -6.68534  0.00220867
        1864    -6.60244     -6.6853  0.00220793
        1865    -6.62514    -6.68527  0.00220698
        1866    -6.53565    -6.68519  0.00220726
        1867    -6.50662    -6.68509  0.00220815
        1868    -6.49964    -6.68499  0.00220919
        1869    -6.55932    -6.68492  0.00220904
        1870    -6.62226    -6.68489  0.00220811
        1871    -6.58627    -6.68484  0.00220756
        1872    -6.55922    -6.68477   0.0022074
        1873    -6.51276    -6.68468  0.00220813
        1874    -6.51652    -6.68459  0.00220877
        1875     -6.5441    -6.68451  0.00220887
        1876    -6.50425    -6.68442  0.00220978
        1877    -6.57843    -6.68436  0.00220932
        1878    -6.62798    -6.68433  0.00220835
        1879    -6.69927    -6.68434  0.00220719
        1880    -6.70478    -6.68435  0.00220604
        1881    -6.69039    -6.68435  0.00220487
        1882    -6.60312    -6.68431  0.00220412
        1883    -6.68094    -6.68431  0.00220295
        1884    -6.67597     -6.6843  0.00220179
        1885    -6.65248    -6.68429  0.00220068
        1886     -6.6734    -6.68428  0.00219952
        1887    -6.66639    -6.68427  0.00219838
        1888    -6.70098    -6.68428  0.00219723
        1889    -6.77824    -6.68433  0.00219663
        1890    -6.84909    -6.68442   0.0021972
        1891    -6.80113    -6.68448   0.0021969
        1892    -6.73224     -6.6845  0.00219589
        1893    -6.77401    -6.68455  0.00219524
        1894      -6.768     -6.6846  0.00219452
        1895    -6.72999    -6.68462  0.00219349
        1896    -6.68389    -6.68462  0.00219233
        1897    -6.67896    -6.68462  0.00219118
        1898    -6.68896    -6.68462  0.00219003
        1899    -6.80529    -6.68468   0.0021898
        1900    -6.76885    -6.68473  0.00218909
        1901    -6.63825     -6.6847  0.00218808
        1902     -6.6422    -6.68468  0.00218704
        1903    -6.59536    -6.68463  0.00218639
        1904    -6.50904    -6.68454  0.00218719
        1905    -6.58525    -6.68449  0.00218666
        1906    -6.63978    -6.68446  0.00218564
        1907    -6.61281    -6.68443  0.00218482
        1908    -6.66089    -6.68441  0.00218371
        1909    -6.58267    -6.68436  0.00218321
        1910    -6.63096    -6.68433  0.00218225
        1911    -6.63425    -6.68431  0.00218127
        1912    -6.61696    -6.68427  0.00218041
        1913     -6.5459     -6.6842  0.00218047
        1914     -6.5793    -6.68415  0.00218002
        1915    -6.51409    -6.68406  0.00218069
        1916    -6.50583    -6.68396  0.00218153
        1917    -6.55944     -6.6839  0.00218136
        1918    -6.44339    -6.68377  0.00218383
        1919    -6.43385    -6.68364  0.00218657
        1920    -6.52239    -6.68356  0.00218704
        1921    -6.49878    -6.68346  0.00218802
        1922    -6.51253    -6.68337  0.00218869
        1923    -6.50065    -6.68328  0.00218961
        1924    -6.45331    -6.68316  0.00219173
        1925    -6.51634    -6.68307   0.0021923
        1926    -6.52382    -6.68299  0.00219273
        1927    -6.64349    -6.68297  0.00219168
        1928    -6.56938    -6.68291  0.00219134
        1929    -6.61151    -6.68287  0.00219051
        1930    -6.57659    -6.68282  0.00219007
        1931     -6.6037    -6.68278  0.00218932
        1932     -6.6918    -6.68278  0.00218819
        1933    -6.68375    -6.68278  0.00218706
        1934    -6.63127    -6.68276  0.00218609
        1935    -6.63124    -6.68273  0.00218512
        1936    -6.65813    -6.68272  0.00218403
        1937    -6.66177    -6.68271  0.00218293
        1938    -6.71955    -6.68272  0.00218189
        1939    -6.67722    -6.68272  0.00218076
        1940    -6.67448    -6.68272  0.00217965
        1941    -6.56007    -6.68265  0.00217944
        1942    -6.62252    -6.68262  0.00217854
        1943    -6.60265    -6.68258   0.0021778
        1944    -6.59979    -6.68254   0.0021771
        1945    -6.55917    -6.68248   0.0021769
        1946    -6.53303     -6.6824  0.00217714
        1947    -6.55979    -6.68234  0.00217693
        1948    -6.55782    -6.68227  0.00217675
        1949    -6.54633     -6.6822  0.00217675
        1950    -6.48723     -6.6821  0.00217793
        1951    -6.48029      -6.682  0.00217927
        1952    -6.52669    -6.68192  0.00217961
        1953    -6.46991    -6.68181  0.00218119
        1954    -6.44863    -6.68169  0.00218334
        1955     -6.5798    -6.68164  0.00218284
        1956    -6.54846    -6.68157  0.00218279
        1957    -6.60753    -6.68153    0.002182
        1958    -6.61383     -6.6815  0.00218116
        1959    -6.59805    -6.68146  0.00218046
        1960    -6.60473    -6.68142   0.0021797
        1961    -6.60738    -6.68138  0.00217892
        1962    -6.64624    -6.68136  0.00217788
        1963    -6.68053    -6.68136  0.00217677
        1964    -6.67448    -6.68136  0.00217567
        1965     -6.6752    -6.68135  0.00217456
        1966    -6.75854    -6.68139  0.00217381
        1967    -6.73253    -6.68142  0.00217286
        1968    -6.64184     -6.6814  0.00217185
        1969    -6.65406    -6.68139  0.00217079
        1970    -6.63743    -6.68136   0.0021698
        1971    -6.67255    -6.68136  0.00216871
        1972    -6.66902    -6.68135  0.00216762
        1973    -6.69964    -6.68136  0.00216654
        1974     -6.7052    -6.68137  0.00216547
        1975     -6.5819    -6.68132  0.00216496
        1976    -6.69452    -6.68133  0.00216388
        1977    -6.69429    -6.68134  0.00216279
        1978    -6.66117    -6.68133  0.00216172
        1979     -6.7064    -6.68134  0.00216067
        1980     -6.6617    -6.68133   0.0021596
        1981    -6.59159    -6.68128  0.00215898
        1982    -6.52098     -6.6812  0.00215941
        1983     -6.5282    -6.68113   0.0021597
        1984    -6.53064    -6.68105  0.00215994
        1985     -6.5481    -6.68098  0.00215989
        1986    -6.63428    -6.68096  0.00215893
        1987    -6.72704    -6.68098  0.00215797
        1988    -6.65609    -6.68097  0.00215692
        1989    -6.62256    -6.68094  0.00215604
        1990    -6.67829    -6.68094  0.00215495
        1991    -6.69607    -6.68095  0.00215388
        1992    -6.79428      -6.681  0.00215355
        1993    -6.76061    -6.68104  0.00215284
        1994     -6.8033    -6.68111  0.00215264
        1995    -6.68172    -6.68111  0.00215156
        1996     -6.6631     -6.6811   0.0021505
        1997    -6.75516    -6.68113  0.00214974
        1998    -6.76229    -6.68117  0.00214905
        1999    -6.83373    -6.68125  0.00214933
        2000    -6.76312    -6.68129  0.00214864
