449.717
401.288
390.939
381.456
372.321
365.593
355.893
338.435
325.684
318.631
313.164
301.277
297.312
291.975
287.311
282.605
278.933
275.847
272.297
265.095
260.073
255.841
249.552
242.959
240.674
237.291
232.575
229.237
226.322
222.262
218.127
214.071
210.381
205.847
198.293
197.187
195.023
191.201
189.577
186.829
184.677
183.906
180.832
180.405
179.306
177.996
177.741
174.862
173.519
171.948
169.404
168.305
167.719
166.515
165.221
163.41
162.521
160.156
159.268
157.413
154.253
147.847
147.213
147.213
145.097
145.097
144.827
144.182
143.162
141.956
140.927
139.665
139.047
138.404
136.319
134.834
133.515
133.023
131.929
131.666
131.55
126.748
126.458
124.9
124.705
124.071
123.557
123.377
121.538
118.502
116.348
114.703
114.703
113.438
112.611
111.044
110.444
109.985
109.268
108.598
108.598
108.598
108.531
107.952
107.885
107.282
106.23
104.457
104.457
104.457
104.457
104.457
104.065
103.741
102.686
102.686
102.686
101.635
101.635
101.02
101.02
101.02
100.834
100.834
100.735
100.516
100.058
99.6071
99.6071
99.6071
99.6071
99.6071
99.6071
98.5943
97.3718
97.3718
97.3718
96.7849
96.7849
96.7849
96.5142
91.8684
89.5957
89.5957
88.8276
88.5773
88.5773
87.9614
87.5924
87.5924
87.5924
87.4915
87.4781
87.4781
87.4781
87.1931
86.7844
86.7586
86.7586
86.6832
86.6832
81.5314
81.5314
81.2416
81.2416
81.2416
81.2416
81.2416
80.9876
80.9876
80.9876
80.9876
80.9876
80.9876
80.9876
80.5776
80.5776
80.5776
80.5776
80.5776
80.5776
79.4898
79.4898
79.4898
79.4898
79.1085
79.0455
79.0455
79.0455
78.5067
78.5067
78.4827
78.3513
78.3513
78.3513
77.4578
77.4578
77.4578
77.4578
77.4578
77.4578
77.4578
77.4578
77.4578
77.4578
77.1619
77.1619
77.1619
77.1619
77.0795
76.891
76.8086
76.8086
76.8086
76.8086
76.5016
76.5016
76.0989
76.0989
76.0989
75.6101
75.6101
75.1306
75.1306
75.1306
75.1306
75.1306
75.1306
75.1306
75.1306
75.1306
75.1306
75.1306
75.1306
75.1306
75.1306
75.1306
75.1306
75.1306
75.1306
75.1306
71.7054
71.7054
71.7054
71.7054
71.7054
71.7054
71.7054
71.7054
71.7054
71.6953
71.5703
71.5703
71.4582
71.4582
71.4582
71.4582
71.4582
71.4582
71.4582
71.4582
70.199
70.199
70.199
70.199
70.199
70.199
70.199
70.199
70.199
70.199
70.199
70.199
70.199
70.199
70.199
70.199
70.199
70.199
70.199
70.1925
69.3982
69.3982
69.3982
69.3982
69.3982
69.3982
69.3982
69.3982
69.3982
69.3982
69.3982
69.3982
69.3982
69.3982
69.3982
69.3982
69.3982
69.3982
69.3982
69.3982
69.032
69.032
69.032
69.032
69.032
69.032
69.032
69.032
69.032
68.9439
68.9439
68.9439
68.9439
68.9439
68.8348
68.8348
68.8348
68.8348
68.8348
68.8348
68.8348
68.8348
68.8348
68.8348
68.8348
68.8348
68.8348
68.8348
68.8348
68.8348
68.7475
68.7475
68.7475
68.7475
68.4836
68.4836
68.4836
68.4836
68.4836
68.4836
68.4836
68.4836
68.4836
68.4836
68.4836
68.4836
68.4836
68.4836
68.4836
68.4836
68.4836
68.4836
68.4836
68.4836
68.4836
68.4836
68.4836
68.4836
68.4836
68.4836
68.4836
68.4836
68.4836
68.4836
68.4836
68.4836
68.4836
68.4836
68.4836
68.4836
68.4836
68.4836
68.4836
68.4836
68.4836
68.4836
68.4836
68.4836
68.4836
68.4836
68.2352
68.2352
68.2352
68.2352
68.2352
68.2352
68.2352
68.2352
68.2352
68.2352
68.2352
68.2352
68.2352
68.2352
68.2352
68.2352
68.2352
68.2352
68.2352
68.2352
68.2352
68.2352
68.2352
68.2352
68.2352
68.2352
68.2352
68.2352
68.2352
68.2352
68.2352
68.2352
68.2352
68.2352
68.2352
68.2352
68.2352
68.2352
68.2352
68.2352
68.2352
68.2352
68.2352
68.2352
68.2352
68.2352
68.2352
68.2352
68.2352
68.2352
68.2352
68.2352
68.2352
68.2352
68.2352
68.2352
68.2352
68.2352
68.2352
68.2352
67.7946
67.7946
67.7946
67.7946
67.7946
67.7946
67.7946
67.7946
67.7946
67.7946
67.7946
67.7946
67.7946
67.7946
67.7946
67.7946
67.7946
67.7946
67.7946
67.7946
67.7946
67.7946
67.7946
67.7946
67.7946
67.7946
67.7946
67.7946
67.7946
67.7946
67.7946
67.7946
67.7946
67.7946
67.7946
67.7946
67.7946
67.7946
67.7946
67.7946
67.4379
67.4379
67.4379
67.4379
67.4379
67.4379
67.4379
67.4379
67.4379
67.4379
67.4379
67.4379
67.4379
67.4379
67.4379
67.4379
67.4379
67.4379
67.4379
67.4379
