491.868
465.713
428.585
398.656
384.846
375.728
368.498
360.065
346.781
332.082
322.323
315.092
307.961
300.82
295.68
291.392
285.547
280.808
277.689
273.997
269.301
263.585
258.73
252.556
246.202
241.539
238.886
234.914
230.564
228.096
223.97
221.082
217.538
213.576
209.561
202.154
198.684
196.958
194.398
191.249
188.916
186.951
185.614
183.113
181.981
180.805
178.899
177.885
176.63
174.367
172.821
170.418
168.896
168.127
167.155
166.868
167.14
166.766
163.109
160.085
158.726
156.411
156.48
153.94
148.458
146.467
145.103
145.007
144.565
143.981
142.891
142.044
140.705
139.549
138.945
137.372
135.353
134.125
133.417
132.457
131.889
131.602
131.431
131.061
129.154
125.395
124.475
123.807
123.486
122.522
121.695
119.868
116.019
114.792
114.225
113.142
111.877
110.993
110.281
109.797
109.174
108.642
108.597
108.574
108.342
107.941
107.719
106.913
107.27
106.534
104.852
104.457
104.454
104.294
104.109
103.413
102.792
102.679
102.429
101.789
101.442
101.022
101.019
100.957
100.834
100.81
100.707
100.445
100.069
99.6837
99.6071
99.6071
99.6071
99.6031
99.3946
98.462
97.4243
97.3695
97.1808
96.8128
96.7837
96.6628
97.5362
95.1107
90.2322
89.3365
88.7536
88.5908
88.3411
87.8347
87.6124
87.592
87.5613
87.4971
87.4781
87.4769
87.3768
87.0654
86.8086
86.759
86.7378
86.6659
85.81
82.8521
81.5654
81.2844
81.2416
81.2416
81.2405
81.1439
81.0021
80.9876
80.9876
80.9876
80.9876
80.986
80.8832
80.6497
80.5776
80.5776
80.5776
80.5733
80.3337
79.8041
79.5054
79.4883
79.3865
79.1272
79.0483
79.0434
78.8688
78.5066
78.4987
78.4454
78.3581
78.3477
78.0353
77.4578
77.4578
77.4578
77.4578
77.4578
77.4578
77.4578
77.4578
77.4566
77.3513
77.1619
77.1619
77.1615
77.1318
77.0114
76.8515
76.8086
76.8086
76.8074
76.7082
76.5185
76.3552
76.105
76.095
75.912
75.6044
75.378
75.1306
75.1306
75.1306
75.1306
75.1306
75.1306
75.1306
75.1306
75.1306
75.1306
75.1306
75.1306
75.1306
75.1306
75.1306
75.1306
75.1306
75.1169
75.9509
76.6342
73.7367
71.7894
71.7054
71.7054
71.7054
71.7054
71.7054
71.7024
71.7546
71.5729
71.5344
71.4605
71.4582
71.4582
71.4582
71.4582
71.4582
71.4532
71.1903
70.7588
70.199
70.199
70.199
71.8301
73.5791
75.1787
73.7642
70.3935
70.199
70.199
70.199
70.199
70.199
70.199
70.199
70.199
70.1989
70.1935
71.5197
72.6747
70.9989
69.4021
69.3982
69.3982
69.3982
69.3982
69.3982
69.3982
69.3982
69.3982
69.3982
69.3982
69.3982
69.3982
69.3982
69.3982
69.3982
69.3968
69.2723
69.032
69.032
69.032
69.032
69.032
69.032
69.032
69.0317
68.9968
68.9439
68.9439
68.9439
68.9435
68.9059
68.8444
68.8348
68.8348
68.8348
68.8348
68.8348
68.8348
68.8348
68.8348
68.8348
68.8348
68.8348
68.8348
68.8348
68.8345
68.8041
68.751
68.7475
68.7464
68.6662
68.502
68.4836
68.4836
68.4836
68.4836
68.4836
68.4836
68.4836
68.4836
68.4836
68.4836
68.4836
68.4836
68.4836
68.4836
68.4836
68.4836
68.4836
68.4836
68.4836
68.4836
68.4836
68.4836
68.4836
68.4836
68.4836
68.4836
68.4836
68.4836
68.4836
68.4836
68.4836
68.4836
68.4836
68.4836
68.4836
68.4836
68.4836
68.4836
68.4836
68.4836
68.4836
68.4836
68.4836
68.4826
69.7714
71.8788
72.3454
68.9407
68.2352
68.2352
68.2352
68.2352
68.2352
68.2352
68.2352
68.2352
68.2352
68.2352
68.2352
68.2352
68.2352
68.2352
68.2352
68.2352
68.2352
68.2352
68.2352
68.2352
68.2352
68.2352
68.2352
68.2352
68.2352
68.2352
68.2352
68.2352
68.2352
68.2352
68.2352
68.2352
68.2352
68.2352
68.2352
68.2352
68.2352
68.2352
68.2352
68.2352
68.2352
68.2352
68.2352
68.2352
68.2352
68.2352
68.2352
68.2352
68.2352
68.2352
68.2352
68.2352
68.2352
68.2352
68.2352
68.2334
68.0777
67.8052
67.7946
67.7946
67.7946
67.7946
67.7946
67.7946
67.7946
67.7946
67.7946
67.7946
67.7946
67.7946
67.7946
67.7946
67.7946
67.7946
67.7946
67.7946
67.7946
67.7946
67.7946
67.7946
67.7946
67.7946
67.7946
67.7946
67.7946
67.7946
67.7946
67.7946
67.7946
67.7946
67.7946
67.7946
67.7946
67.7946
67.7946
67.7932
67.6733
67.4479
67.4379
67.4379
67.4379
67.4379
67.4379
67.4379
67.4379
67.4379
67.4379
67.4379
67.4379
67.4379
67.4379
67.4379
67.4379
67.4379
67.4379
