433.557
421.106
409.66
391.479
382.083
365.402
358.774
346.119
341.254
329.69
321.853
306.773
302.668
295.938
292.024
285.658
282.342
278.032
272.182
266.983
258.257
256.033
254.07
250.826
246.593
240.904
237.919
237.006
233.456
229.28
226.882
223.786
216.58
214.615
212.707
209.448
206.849
204.886
203.409
198.568
196.098
193.805
189.276
189.119
187.415
185.902
184.113
182.841
180.435
178.467
177.349
174.711
173.593
172.592
170.256
168.587
168.171
165.68
163.952
162.898
159.829
154.537
154.537
154.133
153.533
151.614
150.139
149.974
149.731
148.411
146.562
145.543
144.185
142.704
141.803
140.43
140.4
139.283
138.795
137.918
137.184
134.85
134.446
134.446
134.251
133.559
131.376
128.925
126.073
126.073
124.336
123.557
122.815
121.985
120.855
119.784
117.849
117.192
116.594
115.545
114.903
109.907
109.907
109.907
109.553
109.553
109.289
109.289
108.935
108.802
107.93
107.427
107.427
107.427
106.49
106.49
105.718
104.9
104.493
103.759
103.108
93.9414
94.909
93.7427
93.7427
93.7427
93.7427
93.7427
93.7427
93.7427
93.7427
93.7427
93.1677
91.8575
91.2825
91.2825
91.1563
91.1563
91.0494
90.7314
90.7314
88.0321
87.4584
87.4572
87.4572
87.4572
87.4572
87.4572
87.4572
87.4572
86.7506
86.2617
85.9344
85.5828
85.5828
85.5575
85.1776
85.1776
84.9883
84.8604
84.8604
84.0332
83.2772
82.873
82.873
82.7951
82.7951
82.7951
82.7951
82.4758
82.4631
81.7262
81.7262
81.7262
80.8717
80.8717
80.8717
80.3734
80.0527
80.0527
79.7952
79.7952
79.3142
79.3142
79.3142
79.3142
78.9056
78.9056
78.9056
78.9056
78.9056
78.9056
78.9056
78.9056
78.9056
78.9056
78.9056
78.9056
78.9056
78.9056
78.6341
77.6845
77.0814
77.0814
76.0215
75.2368
74.956
74.956
74.956
74.956
74.956
74.956
74.9135
74.9135
74.0689
74.0689
74.0634
74.0634
73.9102
73.9102
73.9102
73.9102
73.9102
73.9102
73.9102
73.9102
73.9102
73.9102
73.9102
73.9102
73.9102
73.9102
73.9102
73.9102
73.6643
73.6643
73.5393
73.5393
73.0048
72.871
72.871
72.871
72.871
72.871
72.871
72.0591
72.0591
72.0591
72.0591
72.0591
72.0591
72.0591
72.0591
72.0591
72.0591
72.0591
72.0591
72.0591
72.0591
71.8937
71.3607
71.3607
71.3607
71.3543
71.3543
71.3034
71.2969
71.2969
71.2969
71.2969
71.2969
71.2969
71.2969
71.2969
71.2969
71.2969
71.2969
71.2969
71.2969
71.2969
71.2969
70.7088
71.0279
71.0279
71.0279
71.0279
71.0279
71.0279
71.0279
70.7088
70.7088
70.7088
70.7088
70.7088
70.7088
70.7088
70.7088
70.7088
70.7088
70.7088
70.7088
69.8009
69.8009
69.8009
69.8009
69.8009
69.8009
69.8009
69.8009
69.8009
69.8009
69.8009
69.8009
69.8009
69.8009
69.8009
69.8009
69.8009
69.8009
69.8009
69.8009
68.9846
68.9846
68.9846
68.9846
68.9846
68.9846
68.9846
68.9846
68.9846
68.9846
68.9846
68.9846
68.9846
68.9846
68.9846
68.9846
68.9846
68.9846
68.9846
68.9846
68.8348
68.8348
68.8348
68.8348
68.8348
68.8348
68.8348
68.8348
68.8348
68.8348
68.8348
68.8348
68.8348
68.8348
68.8348
68.8348
68.8348
68.8348
68.8348
68.8348
68.4836
68.4836
68.4836
68.4836
68.4836
68.4836
68.4836
68.4836
68.4836
68.4836
68.4836
68.4836
68.4836
68.4836
68.4836
68.4836
68.4836
68.4836
68.4836
68.4836
68.4836
68.4836
68.4836
68.4836
68.4836
68.4836
68.4836
68.4836
68.4836
68.4836
68.4836
68.4836
68.4836
68.4836
68.4836
68.4836
68.4836
68.4836
68.4836
68.4836
68.4836
68.4836
68.4836
68.4836
68.4836
68.4836
68.4836
68.4836
68.4836
68.4836
68.4836
68.4836
68.4836
68.4836
68.4836
68.4836
68.4836
68.4836
68.4836
68.4836
68.2352
68.2352
68.2352
68.2352
68.2352
68.2352
68.2352
68.2352
68.2352
68.2352
68.2352
68.2352
68.2352
68.2352
68.2352
68.2352
68.2352
68.2352
68.2352
68.2352
67.8785
67.8785
67.8785
67.8785
67.8785
67.8785
67.8785
67.6965
67.4379
67.4379
67.4379
67.4379
67.4379
67.4379
67.4379
67.4379
67.4379
67.4379
67.4379
67.4379
67.4379
67.4379
67.4379
67.4379
67.4379
67.4379
67.4379
67.4379
67.4379
67.4379
67.4379
67.4379
67.4379
67.4379
67.4379
67.4379
67.4379
67.4379
67.4379
67.4379
67.0195
67.0195
67.0195
67.0195
67.0195
67.0195
67.0195
67.0195
67.0195
67.0195
67.0195
67.0195
67.0195
67.0195
67.0195
67.0195
67.0195
67.0195
67.0195
67.0195
