441.417
427.641
409.646
375.035
368.444
359.204
346.192
340.514
333.088
329.319
322.074
317.489
309.658
305.718
300.403
297.085
292.594
282.425
276.564
270.265
267.877
257.169
255.468
250.132
246.096
243.018
239.243
234.004
224.995
223.656
221.071
218.743
210.201
208.516
203.236
202.192
198.346
195.23
193.16
191.287
188.682
186.73
183.501
181.656
180.669
177.166
174.957
171.985
169.095
167.775
166.769
163.731
160.237
158.52
155.951
154.752
153.355
152.134
150.301
149.327
148.534
148.522
147.017
146.275
141.426
140.802
140.726
139.527
139.086
137.087
136.726
136.091
135.271
133.765
132.773
131.587
130.792
130.792
129.844
129.112
127.815
127.518
126.56
124.041
121.726
120.66
120.009
119.702
118.768
118.062
117.482
114.119
112.299
111.718
111.718
110.848
110.848
110.584
110.438
110.384
109.598
109.312
108.664
108.237
108.087
108.006
107.725
107.068
107.068
106.824
106.678
106.35
105.83
105.83
105.83
105.805
104.88
104.855
104.36
104.36
104.075
103.108
98.8188
98.6263
98.1118
97.467
96.6824
96.1334
96.1334
95.4487
95.3045
94.7517
94.7517
94.7517
94.7517
94.7218
94.2602
94.0115
93.321
92.6241
92.6241
90.6267
90.6267
90.5055
88.0271
86.8476
85.7916
85.6989
85.2441
84.3604
84.0029
83.7369
83.7369
82.8572
82.8572
82.3589
82.2797
81.7907
81.7907
81.7907
81.5314
81.5314
81.4741
81.1411
80.8932
80.8358
80.8358
80.8358
80.7906
80.7906
80.7906
80.7906
80.7906
80.7906
80.7906
80.7906
80.7906
80.7276
80.1039
80.1039
79.4898
79.3142
79.3142
78.8455
78.8455
78.8455
78.8455
78.8455
78.8455
78.4921
78.4921
78.4921
78.4921
78.4921
78.4921
78.4921
78.4515
78.4515
78.3623
78.3623
78.3623
78.3623
78.3623
78.3623
78.3623
78.3623
78.3623
78.3623
78.3623
78.3623
78.3623
78.3623
77.997
77.6323
77.6323
77.2967
77.2967
77.2967
77.2967
77.1633
77.1633
73.7013
75.105
75.105
73.7013
73.7013
73.7013
73.7013
73.7013
73.7013
73.7013
73.2253
72.8893
72.8893
72.6094
72.6094
72.6094
72.6094
72.3463
71.7054
71.7054
71.7054
71.7054
71.7054
71.7054
71.7054
71.7054
71.5887
71.5887
71.5887
71.5314
71.5314
71.5314
71.5314
71.4185
71.4185
71.4185
71.4185
70.199
70.199
70.199
70.199
70.199
70.199
70.199
70.199
70.199
70.199
70.199
70.199
70.199
70.199
70.199
70.199
70.199
69.4495
69.4495
69.4495
69.4495
69.3982
69.3982
69.3982
69.3982
69.3982
69.3982
69.3982
69.3982
69.3982
69.3982
69.3982
69.3982
69.3982
69.3982
69.3982
69.3182
69.032
69.032
69.032
69.032
69.032
69.032
69.032
69.032
69.032
69.032
69.032
69.032
69.0256
69.0256
69.0256
69.0256
69.0256
69.0256
69.0256
69.0256
69.0256
69.0256
69.0256
69.0256
69.0256
69.0256
69.0256
69.0256
69.0256
69.0256
69.0256
69.0256
69.0256
69.0256
69.0256
69.0256
69.0256
69.0256
69.0256
69.0256
69.0256
69.0256
69.0256
69.0256
69.0256
69.0256
68.9846
68.9846
68.9846
68.9846
68.9846
68.9846
68.9846
68.9846
68.9846
68.9846
68.9846
68.8128
68.8128
68.8128
68.8128
68.8128
68.8128
68.8128
68.8128
68.8128
68.8128
68.8128
68.8128
68.8128
68.6613
68.2352
68.2352
68.2352
68.2352
68.2352
68.2352
68.2352
68.2352
68.2352
68.2352
68.2352
68.2352
68.2352
68.2352
68.2352
68.2352
68.2352
68.2352
68.2352
68.2352
68.2352
68.2352
68.2352
68.2352
68.2352
68.2352
68.2352
68.2352
68.2352
68.2352
68.2352
68.2352
68.2352
68.2352
68.2352
68.2352
68.2352
68.2352
68.2352
68.2352
68.2352
68.2352
68.2352
68.2352
68.2352
68.2352
68.2352
68.2352
68.2352
68.2352
68.2352
68.2352
68.2352
68.2352
68.2352
68.2352
68.2352
68.2352
68.2352
68.2352
68.2352
68.2352
68.2352
68.2352
68.2352
68.2352
68.2352
68.2352
68.2352
68.0531
67.7946
67.7946
67.7946
67.7946
67.7946
67.7946
67.7946
67.7946
67.7946
67.7946
67.7946
67.7946
67.7946
67.7946
67.7946
67.7946
67.7946
67.7946
67.7946
67.7946
67.7946
67.7946
67.7946
67.7946
67.7946
67.4379
67.4379
67.4379
67.4379
67.4379
67.4379
67.4379
67.4379
67.4379
67.4379
67.4379
67.4379
67.4379
67.4379
67.4379
67.4379
67.4379
67.4379
67.4379
67.4379
67.4379
67.4379
67.4379
67.4379
67.4379
67.4379
67.4379
67.4379
67.4379
67.4379
67.4379
67.4379
67.4379
67.4379
67.4379
67.4379
67.4379
67.4379
67.4379
67.4379
