493.124
454.65
431.267
416.093
400.965
386.581
373.771
362.335
351.548
344.645
336.286
325.305
315.469
306.928
299.607
293.821
289.315
284.057
279.88
274.462
269.035
263.675
264.42
262.795
259.522
254.902
246.858
240.023
238.126
235.873
232.903
228.954
225.814
221.349
216.254
213.629
211.774
209.181
207.044
205.028
202.27
198.168
195.328
192.987
190.046
188.659
187.207
186.591
184.795
182.432
180.35
178.325
177.214
174.396
173.256
171.913
169.904
168.721
167.148
165.561
164.15
162.675
163.756
162.236
159.074
154.961
153.366
151.616
150.36
149.886
149.343
147.644
146.279
145.063
143.73
142.338
141.474
140.504
139.855
139.106
138.459
137.633
138.776
140.119
139.182
134.931
134.074
133.107
130.254
128.026
126.079
125.573
125.136
123.78
122.561
121.416
120.371
119.183
118.061
117.198
116.214
115.273
115.697
116.616
113.222
111.761
111.148
110.468
109.778
109.819
109.555
108.593
108.021
107.51
107.422
107.096
106.479
106.178
105.409
104.696
104.175
103.474
103.061
99.3414
97.9231
96.4551
95.4117
93.7427
93.7427
93.7427
93.7427
93.7427
93.7404
93.5024
92.7711
91.5334
91.2819
91.2397
91.1584
91.1122
90.9478
90.7631
90.3363
88.948
87.5105
87.4572
87.4572
87.4572
87.4572
87.4572
87.453
87.2061
86.5405
86.139
85.847
85.5958
85.573
85.4498
85.1861
85.1076
84.948
84.8571
84.4944
83.5972
83.0443
82.8727
82.8459
82.8035
82.7951
82.7939
82.7223
82.5813
82.4443
81.9409
84.0661
85.4091
84.9993
81.8498
80.7044
80.3119
80.0546
79.96
79.7915
79.5839
79.3142
79.3142
79.3126
79.1737
78.9068
78.9056
78.9056
78.9056
78.9056
78.9056
78.9056
78.9056
78.9056
78.9056
78.9056
78.9056
78.9046
78.8027
78.7137
78.2231
77.1328
76.965
76.0593
75.2746
74.9639
74.956
74.956
74.956
74.9559
74.9426
74.9072
74.6122
74.0689
74.0671
74.0628
74.0047
73.9103
73.9102
73.9102
73.9102
73.9102
73.9102
73.9102
73.9102
73.9102
73.9102
73.9102
73.9102
73.9102
73.9102
73.9082
73.859
73.7187
73.6198
73.5372
73.6579
73.6228
72.8898
72.871
72.871
72.871
72.8659
72.5914
72.1095
72.0591
72.0591
72.0591
72.0591
73.5943
75.3167
75.6478
72.102
72.0591
72.0591
72.0591
72.0584
72.0007
71.7323
71.3925
71.3607
71.3587
71.3541
71.3368
71.2989
71.2969
71.2969
71.2969
71.2969
71.2969
71.2969
71.2969
71.2969
71.2969
71.2969
71.2969
71.2969
71.2969
71.2946
72.7764
74.5199
75.0706
72.9288
71.0279
71.0279
71.0279
71.0267
70.9202
70.7088
70.7088
70.7088
70.7088
70.7088
70.7088
70.7088
70.7088
70.7088
70.7088
70.7051
71.6719
73.9435
75.1576
73.6044
70.3645
69.8009
69.8009
69.8009
69.8009
69.8009
69.8009
69.8009
69.8009
69.8009
69.8009
69.8009
69.8009
69.8009
69.8009
69.7977
69.5665
69.0002
68.9846
68.9846
68.9846
68.9846
68.9846
68.9846
68.9846
68.9846
68.9846
68.9846
68.9846
68.9846
68.9846
68.9846
68.9846
68.9846
68.9846
68.984
70.2637
72.1392
71.2472
68.8348
68.8348
68.8348
68.8348
68.8348
68.8348
68.8348
68.8348
68.8348
68.8348
68.8348
68.8348
68.8348
68.8348
68.8348
68.8348
68.8334
68.7115
68.5013
68.4836
68.4836
68.4836
68.4836
68.4836
68.4836
68.4836
68.4836
68.4836
68.4836
68.4836
68.4836
68.4836
68.4836
68.4836
68.4836
68.4836
68.4836
68.4836
68.4836
68.4836
68.4836
68.4836
68.4836
68.4836
68.4836
68.4836
68.4836
68.4836
68.4836
68.4836
68.4836
68.4836
68.4836
68.4836
68.4836
68.4836
68.4836
68.4836
68.4836
68.4836
68.4836
68.4836
68.4836
68.4836
68.4836
68.4836
68.4836
68.4836
68.4836
68.4836
68.4836
68.4836
68.4836
68.4836
68.4836
68.4836
68.4826
69.0447
71.1181
72.1049
69.6079
68.2352
68.2352
68.2352
68.2352
68.2352
68.2352
68.2352
68.2352
68.2352
68.2352
68.2352
68.2352
68.2352
68.2352
68.2352
68.2337
68.0968
67.8785
67.8785
67.8785
67.8785
67.8785
67.8778
67.807
67.5768
67.4379
67.4379
67.4379
67.4379
67.4379
67.4379
67.4379
67.4379
67.4379
67.4379
67.4379
67.4379
67.4379
67.4379
67.4379
67.4379
67.4379
67.4379
67.4379
67.4379
67.4379
67.4379
67.4379
67.4379
67.4379
67.4379
67.4379
67.4379
67.4379
67.4379
67.4363
67.294
67.0489
67.0195
67.0195
67.0195
67.0195
67.0195
67.0195
67.0195
67.0195
67.0195
67.0195
67.0195
67.0195
67.0195
67.0195
67.0195
67.0195
67.0195
