0.999536 0.999536 0
0.972895 0.986215 0.00941889
1.00551 0.992647 0.00818596
0.985346 0.990822 0.00633972
0.985336 0.989725 0.00516586
0.989312 0.989656 0.00430534
1.00361 0.991649 0.00412576
1.00164 0.992898 0.00379448
0.999317 0.993611 0.00343926
1.00413 0.994663 0.00325231
0.996661 0.994845 0.00296171
1.01241 0.996309 0.00305535
0.99903 0.996518 0.00282748
0.994278 0.996358 0.00263004
0.991932 0.996063 0.00247121
1.00709 0.996753 0.00241098
0.993135 0.99654 0.00227853
1.01887 0.99778 0.00246657
1.00615 0.998221 0.00237575
0.990204 0.99782 0.00229052
1.01331 0.998558 0.00229722
0.994635 0.998379 0.00219971
0.996397 0.998293 0.00210576
1.00133 0.99842 0.00202182
1.00001 0.998483 0.00194195
0.984421 0.997943 0.00194112
0.986112 0.997504 0.00191804
0.993649 0.997367 0.00185448
1.0207 0.998171 0.00195729
1.03196 0.999297 0.00219223
0.995108 0.999162 0.00212567
0.997195 0.999101 0.00206013
1.01506 0.999584 0.00205366
0.988525 0.999259 0.00201885
1.00232 0.999346 0.00196306
0.996572 0.999269 0.00191004
1.00184 0.999339 0.00185969
1.01437 0.999734 0.00185232
0.981759 0.999274 0.00186128
0.996969 0.999216 0.00181564
0.981935 0.998794 0.00181962
1.00631 0.998973 0.00178506
1.00234 0.999052 0.00174526
0.9636 0.998246 0.00188241
1.02426 0.998824 0.00192734
0.986481 0.998556 0.00190402
1.01224 0.998847 0.00188565
1.00941 0.999067 0.00185917
0.99806 0.999046 0.00182134
1.00253 0.999116 0.00178624
1.00692 0.999269 0.00175776
1.0092 0.99946 0.0017343
1.02264 0.999897 0.00175584
1.03333 1.00052 0.00182922
1.01533 1.00079 0.00181567
1.01026 1.00095 0.00179111
1.02648 1.0014 0.00181481
1.01062 1.00156 0.00179047
1.00947 1.0017 0.00176513
1.00097 1.00168 0.00173575
0.999232 1.00164 0.00170776
1.0059 1.00171 0.0016816
1.00374 1.00174 0.00165522
1.00707 1.00183 0.00163144
0.997187 1.00176 0.0016079
0.988769 1.00156 0.00159554
1.00239 1.00157 0.00157177
0.999657 1.00154 0.00154891
1.00041 1.00153 0.00152655
0.994175 1.00142 0.00150835
1.00452 1.00147 0.00148774
1.00442 1.00151 0.00146764
1.02177 1.00178 0.00147356
0.991161 1.00164 0.00146062
1.00426 1.00168 0.00144157
0.990409 1.00153 0.0014302
0.998198 1.00148 0.00141228
1.00599 1.00154 0.00139536
1.00128 1.00154 0.0013777
0.992903 1.00143 0.0013647
0.989023 1.00128 0.00135642
0.98679 1.0011 0.00135134
1.02886 1.00144 0.00137581
1.00289 1.00145 0.00135954
1.00131 1.00145 0.00134355
0.99666 1.0014 0.00132908
0.983726 1.00119 0.00132923
1.02606 1.00147 0.00134384
1.01603 1.00164 0.00133866
1.01182 1.00175 0.00132856
0.980925 1.00152 0.00133353
0.989409 1.00139 0.00132552
0.982033 1.00118 0.00132751
1.00294 1.0012 0.00131352
1.00572 1.00125 0.00130055
1.02335 1.00148 0.00130723
0.998806 1.00145 0.00129404
1.00623 1.0015 0.00128176
1.01208 1.00161 0.00127326
0.992773 1.00152 0.00126359
