1.06226 1.06226 0
0.898519 0.980392 0.0578927
1.13702 1.0326 0.0575055
0.897768 0.998894 0.0520799
1.01778 1.00267 0.0418007
1.03862 1.00866 0.0352606
0.989258 1.00589 0.0303322
1.00555 1.00585 0.0265407
0.917161 0.995994 0.0253551
0.92583 0.988977 0.0237706
1.0058 0.990506 0.0216587
0.938088 0.986138 0.0202896
0.984171 0.985987 0.0187294
0.988618 0.986175 0.0173925
1.02987 0.989088 0.0164752
0.897725 0.983378 0.0164052
0.992564 0.983918 0.0154491
1.01666 0.985737 0.0146975
0.986582 0.985782 0.013924
1.04199 0.988592 0.0135084
1.03135 0.990628 0.0130177
1.0238 0.992136 0.012513
1.02596 0.993606 0.0120551
0.977519 0.992936 0.0115714
0.946033 0.99106 0.0112596
0.988346 0.990955 0.010827
0.940296 0.989079 0.0105874
0.977243 0.988656 0.0102177
0.969339 0.98799 0.00988702
0.983964 0.987856 0.00955837
1.02582 0.989081 0.00932816
1.02226 0.990118 0.0090941
0.911981 0.98775 0.00912156
1.06223 0.98994 0.00911251
1.03303 0.991172 0.00893495
1.0051 0.991558 0.00869512
0.936978 0.990083 0.00858434
1.00885 0.990577 0.00837263
1.00232 0.990878 0.00816337
1.03995 0.992105 0.00805094
0.9992 0.992278 0.00785643
0.992419 0.992282 0.00766937
1.00262 0.992522 0.00749479
1.03516 0.993491 0.00738683
1.0103 0.993865 0.00723211
1.0083 0.994179 0.0070817
1.02037 0.994736 0.00695291
1.00192 0.994885 0.00680967
0.964377 0.994263 0.0066991
1.01653 0.994708 0.00657991
0.982807 0.994475 0.00645503
1.03744 0.995301 0.00638356
0.961913 0.994671 0.00629413
1.04145 0.995537 0.00623689
1.03233 0.996206 0.00615927
1.00631 0.996387 0.00605192
0.934129 0.995295 0.00604351
1.05926 0.996398 0.0060391
1.04026 0.997141 0.00598234
0.96503 0.996606 0.00590653
1.09553 0.998228 0.00602822
0.912322 0.996842 0.00608814
0.991918 0.996764 0.00599201
1.00003 0.996815 0.0058986
0.957973 0.996217 0.00583804
0.99683 0.996227 0.00574959
0.872546 0.994381 0.00595274
1.00849 0.994588 0.00586882
0.950651 0.993951 0.00581821
0.871024 0.992195 0.00599426
0.976206 0.99197 0.00591406
0.985722 0.991883 0.00583256
0.9694 0.991575 0.00576079
1.10443 0.9931 0.00588135
1.00431 0.99325 0.00580484
0.941898 0.992574 0.00576765
1.08344 0.993754 0.00581221
0.938163 0.993042 0.00578123
0.932012 0.992269 0.00575943
0.971811 0.992013 0.00569311
0.897293 0.990844 0.00574167
0.952712 0.990379 0.00569045
1.02163 0.990755 0.00563434
1.0043 0.990917 0.00556957
1.09049 0.992088 0.00562588
0.992269 0.99209 0.00556047
1.02077 0.99242 0.00550632
1.08006 0.993416 0.00553308
1.05094 0.994062 0.00550854
0.968347 0.993776 0.00545474
1.12439 0.995212 0.00558043
1.06702 0.995992 0.0055741
1.04016 0.996467 0.00553436
1.00118 0.996517 0.00547571
1.0664 0.997253 0.00546726
1.02874 0.997581 0.00542014
0.98938 0.997496 0.00536492
1.04153 0.997946 0.00532897
1.0405 0.998376 0.00529245
0.954664 0.997939 0.00525754
